,,,FORMATO PLANEACIÓN Y PROGRAMACIÓN DE ACTIVIDADES DE MANTENIMIENTO,,,,,,,,,,,,,,
,,,,,,,,,,,,,,,,,
,,,,,,,,,,,,,,,,,
Código centro,Centro,Ubicac. técnica,Denominación Ubic.,Equipo,Denominación,No. Plan,Desc. Plan,Orden,Actividad,Descripción,Clase de orden,Status sistema,Inicio program.,Responsable,Prioridad,Duración,
395,G. LUX PASTO,0395-EQUIPOS AUXILIARES,EQUIPOS PARA SERVICIOS INDUSTRIALES,659364,CALDERA,45463,PLAN MTTO MEC CALDERA 659364,13131181,Inspeccion semanal caldera,"Fuga de aire, agua y vapor",PM02,ABIE,2023-10-07 05:00:00,,medio/Moderado,0.02777777777777778,659364-1
395,G. LUX PASTO,0395-EQUIPOS AUXILIARES,EQUIPOS PARA SERVICIOS INDUSTRIALES,659364,CALDERA,45463,PLAN MTTO MEC CALDERA 659364,13131181,Inspeccion semanal caldera,Motobomba de agua,PM02,ABIE,2023-10-07 05:00:00,,medio/Moderado,0.02777777777777778,659364-1
395,G. LUX PASTO,0395-EQUIPOS AUXILIARES,EQUIPOS PARA SERVICIOS INDUSTRIALES,659364,CALDERA,45463,PLAN MTTO MEC CALDERA 659364,13131181,Inspeccion semanal caldera,Suministro eléctrico,PM02,ABIE,2023-10-07 05:00:00,,medio/Moderado,0.02777777777777778,659364-1
395,G. LUX PASTO,0395-EQUIPOS AUXILIARES,EQUIPOS PARA SERVICIOS INDUSTRIALES,659364,CALDERA,45463,PLAN MTTO MEC CALDERA 659364,13131181,Inspeccion semanal caldera,Fuga de gas propano  ,PM02,ABIE,2023-10-07 05:00:00,,medio/Moderado,0.02777777777777778,659364-1
395,G. LUX PASTO,0395-EQUIPOS AUXILIARES,EQUIPOS PARA SERVICIOS INDUSTRIALES,659364,CALDERA,45463,PLAN MTTO MEC CALDERA 659364,13131181,Inspeccion semanal caldera,Válvulas y cheques,PM02,ABIE,2023-10-07 05:00:00,,medio/Moderado,0.02777777777777778,659364-1
395,G. LUX PASTO,0395-EQUIPOS AUXILIARES,EQUIPOS PARA SERVICIOS INDUSTRIALES,659364,CALDERA,45463,PLAN MTTO MEC CALDERA 659364,13131181,Inspeccion semanal caldera,Ruido vibración  y calentamiento motores,PM02,ABIE,2023-10-07 05:00:00,,medio/Moderado,0.02777777777777778,659364-1
395,G. LUX PASTO,0395-EQUIPOS AUXILIARES,EQUIPOS PARA SERVICIOS INDUSTRIALES,659364,CALDERA,45463,PLAN MTTO MEC CALDERA 659364,13131181,Inspeccion semanal caldera,Válvulas de vapor,PM02,ABIE,2023-10-07 05:00:00,,medio/Moderado,0.02777777777777778,659364-1
395,G. LUX PASTO,0395-EQUIPOS AUXILIARES,EQUIPOS PARA SERVICIOS INDUSTRIALES,659364,CALDERA,45463,PLAN MTTO MEC CALDERA 659364,13131181,Inspeccion semanal caldera,Tablero eléctrico,PM02,ABIE,2023-10-07 05:00:00,,medio/Moderado,0.02777777777777778,659364-1
395,G. LUX PASTO,0395-EQUIPOS AUXILIARES,EQUIPOS PARA SERVICIOS INDUSTRIALES,659364,CALDERA,45463,PLAN MTTO MEC CALDERA 659364,13131181,Inspeccion semanal caldera,Visores nivel de agua caldera y tanque condensado,PM02,ABIE,2023-10-07 05:00:00,,medio/Moderado,0.02777777777777778,659364-1
395,G. LUX PASTO,0395-EQUIPOS AUXILIARES,EQUIPOS PARA SERVICIOS INDUSTRIALES,659364,CALDERA,45463,PLAN MTTO MEC CALDERA 659364,13131181,Inspeccion semanal caldera,Sensores y microswicth,PM02,ABIE,2023-10-07 05:00:00,,medio/Moderado,0.02777777777777778,659364-1
395,G. LUX PASTO,0395-EQUIPOS AUXILIARES,EQUIPOS PARA SERVICIOS INDUSTRIALES,659364,CALDERA,45463,PLAN MTTO MEC CALDERA 659364,13131181,Inspeccion semanal caldera,Motor principal,PM02,ABIE,2023-10-07 05:00:00,,medio/Moderado,0.02777777777777778,659364-1
395,G. LUX PASTO,0395-EQUIPOS AUXILIARES,EQUIPOS PARA SERVICIOS INDUSTRIALES,659364,CALDERA,45463,PLAN MTTO MEC CALDERA 659364,13131181,Inspeccion semanal caldera,Tapas y empaques,PM02,ABIE,2023-10-07 05:00:00,,medio/Moderado,0.02777777777777778,659364-1
395,G. LUX PASTO,0395-EQUIPOS AUXILIARES,EQUIPOS PARA SERVICIOS INDUSTRIALES,659364,CALDERA,45463,PLAN MTTO MEC CALDERA 659364,13131181,Inspeccion semanal caldera,Programador electrónico,PM02,ABIE,2023-10-07 05:00:00,,medio/Moderado,0.02777777777777778,659364-1
395,G. LUX PASTO,0395-EQUIPOS AUXILIARES,EQUIPOS PARA SERVICIOS INDUSTRIALES,659364,CALDERA,45463,PLAN MTTO MEC CALDERA 659364,13131181,Inspeccion semanal caldera,Manómetros y control temperatura,PM02,ABIE,2023-10-07 05:00:00,,medio/Moderado,0.02777777777777778,659364-1
395,G. LUX PASTO,0395-EQUIPOS AUXILIARES,EQUIPOS PARA SERVICIOS INDUSTRIALES,659364,CALDERA,45463,PLAN MTTO MEC CALDERA 659364,13131181,Inspeccion semanal caldera,Estructura caldera,PM02,ABIE,2023-10-07 05:00:00,,medio/Moderado,0.02777777777777778,659364-1
395,G. LUX PASTO,0395-EQUIPOS AUXILIARES,EQUIPOS PARA SERVICIOS INDUSTRIALES,659364,CALDERA,45463,PLAN MTTO MEC CALDERA 659364,13131181,Inspeccion semanal caldera,Motobomba de adhitivos,PM02,ABIE,2023-10-07 05:00:00,,medio/Moderado,0.02777777777777778,659364-1
395,G. LUX PASTO,0395-EQUIPOS AUXILIARES,EQUIPOS PARA SERVICIOS INDUSTRIALES,659364,CALDERA,45463,PLAN MTTO MEC CALDERA 659364,13131181,Inspeccion semanal caldera,Electroválvulas,PM02,ABIE,2023-10-07 05:00:00,,medio/Moderado,0.02777777777777778,659364-1
395,G. LUX PASTO,0395-EQUIPOS AUXILIARES,EQUIPOS PARA SERVICIOS INDUSTRIALES,659364,CALDERA,45463,PLAN MTTO MEC CALDERA 659364,13131181,Inspeccion semanal caldera,Nivel tanque de gas propano,PM02,ABIE,2023-10-07 05:00:00,,medio/Moderado,0.02777777777777778,659364-1
395,G. LUX PASTO,0395-EQUIPOS AUXILIARES,EQUIPOS PARA SERVICIOS INDUSTRIALES,628871,COMPRESOR DE REFRIGERACION,45023,"PLAN MTTO MEC COMPRESOR REFRIG 1, 628871",13131132,Inspeccion semanal copresor refrigeracio,Nivel de aceite,PM02,ABIE,2023-10-10 05:00:00,,medio/Moderado,0.03846153846153846,628871-1
395,G. LUX PASTO,0395-EQUIPOS AUXILIARES,EQUIPOS PARA SERVICIOS INDUSTRIALES,628871,COMPRESOR DE REFRIGERACION,45023,"PLAN MTTO MEC COMPRESOR REFRIG 1, 628871",13131132,Inspeccion semanal copresor refrigeracio,"Fugas de agua, amoniaco",PM02,ABIE,2023-10-10 05:00:00,,medio/Moderado,0.03846153846153846,628871-1
395,G. LUX PASTO,0395-EQUIPOS AUXILIARES,EQUIPOS PARA SERVICIOS INDUSTRIALES,628871,COMPRESOR DE REFRIGERACION,45023,"PLAN MTTO MEC COMPRESOR REFRIG 1, 628871",13131132,Inspeccion semanal copresor refrigeracio,Presión de succión,PM02,ABIE,2023-10-10 05:00:00,,medio/Moderado,0.03846153846153846,628871-1
395,G. LUX PASTO,0395-EQUIPOS AUXILIARES,EQUIPOS PARA SERVICIOS INDUSTRIALES,628871,COMPRESOR DE REFRIGERACION,45023,"PLAN MTTO MEC COMPRESOR REFRIG 1, 628871",13131132,Inspeccion semanal copresor refrigeracio,Nivel de amoniaco  ,PM02,ABIE,2023-10-10 05:00:00,,medio/Moderado,0.03846153846153846,628871-1
395,G. LUX PASTO,0395-EQUIPOS AUXILIARES,EQUIPOS PARA SERVICIOS INDUSTRIALES,628871,COMPRESOR DE REFRIGERACION,45023,"PLAN MTTO MEC COMPRESOR REFRIG 1, 628871",13131132,Inspeccion semanal copresor refrigeracio,Controladores penn,PM02,ABIE,2023-10-10 05:00:00,,medio/Moderado,0.03846153846153846,628871-1
395,G. LUX PASTO,0395-EQUIPOS AUXILIARES,EQUIPOS PARA SERVICIOS INDUSTRIALES,628871,COMPRESOR DE REFRIGERACION,45023,"PLAN MTTO MEC COMPRESOR REFRIG 1, 628871",13131132,Inspeccion semanal copresor refrigeracio,Ruido vibración  y calentamiento motores,PM02,ABIE,2023-10-10 05:00:00,,medio/Moderado,0.03846153846153846,628871-1
395,G. LUX PASTO,0395-EQUIPOS AUXILIARES,EQUIPOS PARA SERVICIOS INDUSTRIALES,628871,COMPRESOR DE REFRIGERACION,45023,"PLAN MTTO MEC COMPRESOR REFRIG 1, 628871",13131132,Inspeccion semanal copresor refrigeracio,Temperatura de aceite,PM02,ABIE,2023-10-10 05:00:00,,medio/Moderado,0.03846153846153846,628871-1
395,G. LUX PASTO,0395-EQUIPOS AUXILIARES,EQUIPOS PARA SERVICIOS INDUSTRIALES,628871,COMPRESOR DE REFRIGERACION,45023,"PLAN MTTO MEC COMPRESOR REFRIG 1, 628871",13131132,Inspeccion semanal copresor refrigeracio,Motobomba y presión de agua,PM02,ABIE,2023-10-10 05:00:00,,medio/Moderado,0.03846153846153846,628871-1
395,G. LUX PASTO,0395-EQUIPOS AUXILIARES,EQUIPOS PARA SERVICIOS INDUSTRIALES,628871,COMPRESOR DE REFRIGERACION,45023,"PLAN MTTO MEC COMPRESOR REFRIG 1, 628871",13131132,Inspeccion semanal copresor refrigeracio,Tablero eléctrico,PM02,ABIE,2023-10-10 05:00:00,,medio/Moderado,0.03846153846153846,628871-1
395,G. LUX PASTO,0395-EQUIPOS AUXILIARES,EQUIPOS PARA SERVICIOS INDUSTRIALES,628871,COMPRESOR DE REFRIGERACION,45023,"PLAN MTTO MEC COMPRESOR REFRIG 1, 628871",13131132,Inspeccion semanal copresor refrigeracio, Guardas de protección,PM02,ABIE,2023-10-10 05:00:00,,medio/Moderado,0.03846153846153846,628871-1
395,G. LUX PASTO,0395-EQUIPOS AUXILIARES,EQUIPOS PARA SERVICIOS INDUSTRIALES,628871,COMPRESOR DE REFRIGERACION,45023,"PLAN MTTO MEC COMPRESOR REFRIG 1, 628871",13131132,Inspeccion semanal copresor refrigeracio,Estructura de los equipos,PM02,ABIE,2023-10-10 05:00:00,,medio/Moderado,0.03846153846153846,628871-1
395,G. LUX PASTO,0395-EQUIPOS AUXILIARES,EQUIPOS PARA SERVICIOS INDUSTRIALES,628871,COMPRESOR DE REFRIGERACION,45023,"PLAN MTTO MEC COMPRESOR REFRIG 1, 628871",13131132,Inspeccion semanal copresor refrigeracio,Estado de válvulas,PM02,ABIE,2023-10-10 05:00:00,,medio/Moderado,0.03846153846153846,628871-1
395,G. LUX PASTO,0395-EQUIPOS AUXILIARES,EQUIPOS PARA SERVICIOS INDUSTRIALES,628871,COMPRESOR DE REFRIGERACION,45023,"PLAN MTTO MEC COMPRESOR REFRIG 1, 628871",13131132,Inspeccion semanal copresor refrigeracio,Instrumentos de medida,PM02,ABIE,2023-10-10 05:00:00,,medio/Moderado,0.03846153846153846,628871-1
395,G. LUX PASTO,0395-EQUIPOS AUXILIARES,EQUIPOS PARA SERVICIOS INDUSTRIALES,628874,COMPRESOR DE REFRIGERACION,45026,"PLAN MTTO MEC COMPR REFRI 2, 628874",13131133,Inspeccion semanal copresor refrigeracio,Nivel de aceite,PM02,ABIE,2023-10-07 05:00:00,,medio/Moderado,0.03846153846153846,628874-1
395,G. LUX PASTO,0395-EQUIPOS AUXILIARES,EQUIPOS PARA SERVICIOS INDUSTRIALES,628874,COMPRESOR DE REFRIGERACION,45026,"PLAN MTTO MEC COMPR REFRI 2, 628874",13131133,Inspeccion semanal copresor refrigeracio,"Fugas de agua, amoniaco",PM02,ABIE,2023-10-07 05:00:00,,medio/Moderado,0.03846153846153846,628874-1
395,G. LUX PASTO,0395-EQUIPOS AUXILIARES,EQUIPOS PARA SERVICIOS INDUSTRIALES,628874,COMPRESOR DE REFRIGERACION,45026,"PLAN MTTO MEC COMPR REFRI 2, 628874",13131133,Inspeccion semanal copresor refrigeracio,Presión de succión,PM02,ABIE,2023-10-07 05:00:00,,medio/Moderado,0.03846153846153846,628874-1
395,G. LUX PASTO,0395-EQUIPOS AUXILIARES,EQUIPOS PARA SERVICIOS INDUSTRIALES,628874,COMPRESOR DE REFRIGERACION,45026,"PLAN MTTO MEC COMPR REFRI 2, 628874",13131133,Inspeccion semanal copresor refrigeracio,Nivel de amoniaco  ,PM02,ABIE,2023-10-07 05:00:00,,medio/Moderado,0.03846153846153846,628874-1
395,G. LUX PASTO,0395-EQUIPOS AUXILIARES,EQUIPOS PARA SERVICIOS INDUSTRIALES,628874,COMPRESOR DE REFRIGERACION,45026,"PLAN MTTO MEC COMPR REFRI 2, 628874",13131133,Inspeccion semanal copresor refrigeracio,Controladores penn,PM02,ABIE,2023-10-07 05:00:00,,medio/Moderado,0.03846153846153846,628874-1
395,G. LUX PASTO,0395-EQUIPOS AUXILIARES,EQUIPOS PARA SERVICIOS INDUSTRIALES,628874,COMPRESOR DE REFRIGERACION,45026,"PLAN MTTO MEC COMPR REFRI 2, 628874",13131133,Inspeccion semanal copresor refrigeracio,Ruido vibración  y calentamiento motores,PM02,ABIE,2023-10-07 05:00:00,,medio/Moderado,0.03846153846153846,628874-1
395,G. LUX PASTO,0395-EQUIPOS AUXILIARES,EQUIPOS PARA SERVICIOS INDUSTRIALES,628874,COMPRESOR DE REFRIGERACION,45026,"PLAN MTTO MEC COMPR REFRI 2, 628874",13131133,Inspeccion semanal copresor refrigeracio,Temperatura de aceite,PM02,ABIE,2023-10-07 05:00:00,,medio/Moderado,0.03846153846153846,628874-1
395,G. LUX PASTO,0395-EQUIPOS AUXILIARES,EQUIPOS PARA SERVICIOS INDUSTRIALES,628874,COMPRESOR DE REFRIGERACION,45026,"PLAN MTTO MEC COMPR REFRI 2, 628874",13131133,Inspeccion semanal copresor refrigeracio,Motobomba y presión de agua,PM02,ABIE,2023-10-07 05:00:00,,medio/Moderado,0.03846153846153846,628874-1
395,G. LUX PASTO,0395-EQUIPOS AUXILIARES,EQUIPOS PARA SERVICIOS INDUSTRIALES,628874,COMPRESOR DE REFRIGERACION,45026,"PLAN MTTO MEC COMPR REFRI 2, 628874",13131133,Inspeccion semanal copresor refrigeracio,Tablero eléctrico,PM02,ABIE,2023-10-07 05:00:00,,medio/Moderado,0.03846153846153846,628874-1
395,G. LUX PASTO,0395-EQUIPOS AUXILIARES,EQUIPOS PARA SERVICIOS INDUSTRIALES,628874,COMPRESOR DE REFRIGERACION,45026,"PLAN MTTO MEC COMPR REFRI 2, 628874",13131133,Inspeccion semanal copresor refrigeracio, Guardas de protección,PM02,ABIE,2023-10-07 05:00:00,,medio/Moderado,0.03846153846153846,628874-1
395,G. LUX PASTO,0395-EQUIPOS AUXILIARES,EQUIPOS PARA SERVICIOS INDUSTRIALES,628874,COMPRESOR DE REFRIGERACION,45026,"PLAN MTTO MEC COMPR REFRI 2, 628874",13131133,Inspeccion semanal copresor refrigeracio,Estructura de los equipos,PM02,ABIE,2023-10-07 05:00:00,,medio/Moderado,0.03846153846153846,628874-1
395,G. LUX PASTO,0395-EQUIPOS AUXILIARES,EQUIPOS PARA SERVICIOS INDUSTRIALES,628874,COMPRESOR DE REFRIGERACION,45026,"PLAN MTTO MEC COMPR REFRI 2, 628874",13131133,Inspeccion semanal copresor refrigeracio,Estado de válvulas,PM02,ABIE,2023-10-07 05:00:00,,medio/Moderado,0.03846153846153846,628874-1
395,G. LUX PASTO,0395-EQUIPOS AUXILIARES,EQUIPOS PARA SERVICIOS INDUSTRIALES,628874,COMPRESOR DE REFRIGERACION,45026,"PLAN MTTO MEC COMPR REFRI 2, 628874",13131133,Inspeccion semanal copresor refrigeracio,Instrumentos de medida,PM02,ABIE,2023-10-07 05:00:00,,medio/Moderado,0.03846153846153846,628874-1
395,G. LUX PASTO,0395-EQUIPOS AUXILIARES,EQUIPOS PARA SERVICIOS INDUSTRIALES,628973,COMPRESOR DE REFRIGERACION,45030,"PLAN MTTO MEC COMPR REFRIGE 3, 628973",13131134,Inspeccion semanal copresor refrigeracio,Nivel de aceite,PM02,ABIE,2023-10-07 05:00:00,,medio/Moderado,0.03846153846153846,628973-1
395,G. LUX PASTO,0395-EQUIPOS AUXILIARES,EQUIPOS PARA SERVICIOS INDUSTRIALES,628973,COMPRESOR DE REFRIGERACION,45030,"PLAN MTTO MEC COMPR REFRIGE 3, 628973",13131134,Inspeccion semanal copresor refrigeracio,"Fugas de agua, amoniaco",PM02,ABIE,2023-10-07 05:00:00,,medio/Moderado,0.03846153846153846,628973-1
395,G. LUX PASTO,0395-EQUIPOS AUXILIARES,EQUIPOS PARA SERVICIOS INDUSTRIALES,628973,COMPRESOR DE REFRIGERACION,45030,"PLAN MTTO MEC COMPR REFRIGE 3, 628973",13131134,Inspeccion semanal copresor refrigeracio,Presión de succión,PM02,ABIE,2023-10-07 05:00:00,,medio/Moderado,0.03846153846153846,628973-1
395,G. LUX PASTO,0395-EQUIPOS AUXILIARES,EQUIPOS PARA SERVICIOS INDUSTRIALES,628973,COMPRESOR DE REFRIGERACION,45030,"PLAN MTTO MEC COMPR REFRIGE 3, 628973",13131134,Inspeccion semanal copresor refrigeracio,Nivel de amoniaco  ,PM02,ABIE,2023-10-07 05:00:00,,medio/Moderado,0.03846153846153846,628973-1
395,G. LUX PASTO,0395-EQUIPOS AUXILIARES,EQUIPOS PARA SERVICIOS INDUSTRIALES,628973,COMPRESOR DE REFRIGERACION,45030,"PLAN MTTO MEC COMPR REFRIGE 3, 628973",13131134,Inspeccion semanal copresor refrigeracio,Controladores penn,PM02,ABIE,2023-10-07 05:00:00,,medio/Moderado,0.03846153846153846,628973-1
395,G. LUX PASTO,0395-EQUIPOS AUXILIARES,EQUIPOS PARA SERVICIOS INDUSTRIALES,628973,COMPRESOR DE REFRIGERACION,45030,"PLAN MTTO MEC COMPR REFRIGE 3, 628973",13131134,Inspeccion semanal copresor refrigeracio,Ruido vibración  y calentamiento motores,PM02,ABIE,2023-10-07 05:00:00,,medio/Moderado,0.03846153846153846,628973-1
395,G. LUX PASTO,0395-EQUIPOS AUXILIARES,EQUIPOS PARA SERVICIOS INDUSTRIALES,628973,COMPRESOR DE REFRIGERACION,45030,"PLAN MTTO MEC COMPR REFRIGE 3, 628973",13131134,Inspeccion semanal copresor refrigeracio,Temperatura de aceite,PM02,ABIE,2023-10-07 05:00:00,,medio/Moderado,0.03846153846153846,628973-1
395,G. LUX PASTO,0395-EQUIPOS AUXILIARES,EQUIPOS PARA SERVICIOS INDUSTRIALES,628973,COMPRESOR DE REFRIGERACION,45030,"PLAN MTTO MEC COMPR REFRIGE 3, 628973",13131134,Inspeccion semanal copresor refrigeracio,Motobomba y presión de agua,PM02,ABIE,2023-10-07 05:00:00,,medio/Moderado,0.03846153846153846,628973-1
395,G. LUX PASTO,0395-EQUIPOS AUXILIARES,EQUIPOS PARA SERVICIOS INDUSTRIALES,628973,COMPRESOR DE REFRIGERACION,45030,"PLAN MTTO MEC COMPR REFRIGE 3, 628973",13131134,Inspeccion semanal copresor refrigeracio,Tablero eléctrico,PM02,ABIE,2023-10-07 05:00:00,,medio/Moderado,0.03846153846153846,628973-1
395,G. LUX PASTO,0395-EQUIPOS AUXILIARES,EQUIPOS PARA SERVICIOS INDUSTRIALES,628973,COMPRESOR DE REFRIGERACION,45030,"PLAN MTTO MEC COMPR REFRIGE 3, 628973",13131134,Inspeccion semanal copresor refrigeracio, Guardas de protección,PM02,ABIE,2023-10-07 05:00:00,,medio/Moderado,0.03846153846153846,628973-1
395,G. LUX PASTO,0395-EQUIPOS AUXILIARES,EQUIPOS PARA SERVICIOS INDUSTRIALES,628973,COMPRESOR DE REFRIGERACION,45030,"PLAN MTTO MEC COMPR REFRIGE 3, 628973",13131134,Inspeccion semanal copresor refrigeracio,Estructura de los equipos,PM02,ABIE,2023-10-07 05:00:00,,medio/Moderado,0.03846153846153846,628973-1
395,G. LUX PASTO,0395-EQUIPOS AUXILIARES,EQUIPOS PARA SERVICIOS INDUSTRIALES,628973,COMPRESOR DE REFRIGERACION,45030,"PLAN MTTO MEC COMPR REFRIGE 3, 628973",13131134,Inspeccion semanal copresor refrigeracio,Estado de válvulas,PM02,ABIE,2023-10-07 05:00:00,,medio/Moderado,0.03846153846153846,628973-1
395,G. LUX PASTO,0395-EQUIPOS AUXILIARES,EQUIPOS PARA SERVICIOS INDUSTRIALES,628973,COMPRESOR DE REFRIGERACION,45030,"PLAN MTTO MEC COMPR REFRIGE 3, 628973",13131134,Inspeccion semanal copresor refrigeracio,Instrumentos de medida,PM02,ABIE,2023-10-07 05:00:00,,medio/Moderado,0.03846153846153846,628973-1
395,G. LUX PASTO,0395-LINEA 1,"LINEA DE ENVASADO 12ONZ  8,5ONZ  1.25 l",558083,DESEMPACADORA,45143,PLAN MTTO MEC. DESEMPACADORA 558083,13131142,Inspeccion semanal desempacadora,Mangueras y copas,PM02,ABIE,2023-10-09 05:00:00,,bajo/Medio,0.05555555555555555,558083-1
395,G. LUX PASTO,0395-LINEA 1,"LINEA DE ENVASADO 12ONZ  8,5ONZ  1.25 l",558083,DESEMPACADORA,45143,PLAN MTTO MEC. DESEMPACADORA 558083,13131142,Inspeccion semanal desempacadora,"Fuga de agua, aire, ",PM02,ABIE,2023-10-09 05:00:00,,bajo/Medio,0.05555555555555555,558083-1
395,G. LUX PASTO,0395-LINEA 1,"LINEA DE ENVASADO 12ONZ  8,5ONZ  1.25 l",558083,DESEMPACADORA,45143,PLAN MTTO MEC. DESEMPACADORA 558083,13131142,Inspeccion semanal desempacadora,Tubo colector,PM02,ABIE,2023-10-09 05:00:00,,bajo/Medio,0.05555555555555555,558083-1
395,G. LUX PASTO,0395-LINEA 1,"LINEA DE ENVASADO 12ONZ  8,5ONZ  1.25 l",558083,DESEMPACADORA,45143,PLAN MTTO MEC. DESEMPACADORA 558083,13131142,Inspeccion semanal desempacadora,Aceite en cajas reductoras,PM02,ABIE,2023-10-09 05:00:00,,bajo/Medio,0.05555555555555555,558083-1
395,G. LUX PASTO,0395-LINEA 1,"LINEA DE ENVASADO 12ONZ  8,5ONZ  1.25 l",558083,DESEMPACADORA,45143,PLAN MTTO MEC. DESEMPACADORA 558083,13131142,Inspeccion semanal desempacadora,Chumaceras y cadenas,PM02,ABIE,2023-10-09 05:00:00,,bajo/Medio,0.05555555555555555,558083-1
395,G. LUX PASTO,0395-LINEA 1,"LINEA DE ENVASADO 12ONZ  8,5ONZ  1.25 l",558083,DESEMPACADORA,45143,PLAN MTTO MEC. DESEMPACADORA 558083,13131142,Inspeccion semanal desempacadora,Ruido vibración  y calentamiento motores,PM02,ABIE,2023-10-09 05:00:00,,bajo/Medio,0.05555555555555555,558083-1
395,G. LUX PASTO,0395-LINEA 1,"LINEA DE ENVASADO 12ONZ  8,5ONZ  1.25 l",558083,DESEMPACADORA,45143,PLAN MTTO MEC. DESEMPACADORA 558083,13131142,Inspeccion semanal desempacadora,Brazos principales,PM02,ABIE,2023-10-09 05:00:00,,bajo/Medio,0.05555555555555555,558083-1
395,G. LUX PASTO,0395-LINEA 1,"LINEA DE ENVASADO 12ONZ  8,5ONZ  1.25 l",558083,DESEMPACADORA,45143,PLAN MTTO MEC. DESEMPACADORA 558083,13131142,Inspeccion semanal desempacadora,Tablero eléctrico,PM02,ABIE,2023-10-09 05:00:00,,bajo/Medio,0.05555555555555555,558083-1
395,G. LUX PASTO,0395-LINEA 1,"LINEA DE ENVASADO 12ONZ  8,5ONZ  1.25 l",558083,DESEMPACADORA,45143,PLAN MTTO MEC. DESEMPACADORA 558083,13131142,Inspeccion semanal desempacadora,Platinas de desgaste y cadenas cardanicas,PM02,ABIE,2023-10-09 05:00:00,,bajo/Medio,0.05555555555555555,558083-1
395,G. LUX PASTO,0395-LINEA 1,"LINEA DE ENVASADO 12ONZ  8,5ONZ  1.25 l",558083,DESEMPACADORA,45143,PLAN MTTO MEC. DESEMPACADORA 558083,13131142,Inspeccion semanal desempacadora,Piñones y discos de embrague,PM02,ABIE,2023-10-09 05:00:00,,bajo/Medio,0.05555555555555555,558083-1
395,G. LUX PASTO,0395-LINEA 1,"LINEA DE ENVASADO 12ONZ  8,5ONZ  1.25 l",558083,DESEMPACADORA,45143,PLAN MTTO MEC. DESEMPACADORA 558083,13131142,Inspeccion semanal desempacadora,Boquillas de jabón,PM02,ABIE,2023-10-09 05:00:00,,bajo/Medio,0.05555555555555555,558083-1
395,G. LUX PASTO,0395-LINEA 1,"LINEA DE ENVASADO 12ONZ  8,5ONZ  1.25 l",558083,DESEMPACADORA,45143,PLAN MTTO MEC. DESEMPACADORA 558083,13131142,Inspeccion semanal desempacadora,Válvulas reguladoras de aire,PM02,ABIE,2023-10-09 05:00:00,,bajo/Medio,0.05555555555555555,558083-1
395,G. LUX PASTO,0395-LINEA 1,"LINEA DE ENVASADO 12ONZ  8,5ONZ  1.25 l",558083,DESEMPACADORA,45143,PLAN MTTO MEC. DESEMPACADORA 558083,13131142,Inspeccion semanal desempacadora,Fotoceldas y sensores,PM02,ABIE,2023-10-09 05:00:00,,bajo/Medio,0.05555555555555555,558083-1
395,G. LUX PASTO,0395-LINEA 1,"LINEA DE ENVASADO 12ONZ  8,5ONZ  1.25 l",558083,DESEMPACADORA,45143,PLAN MTTO MEC. DESEMPACADORA 558083,13131142,Inspeccion semanal desempacadora,Cadenas table top,PM02,ABIE,2023-10-09 05:00:00,,bajo/Medio,0.05555555555555555,558083-1
395,G. LUX PASTO,0395-LINEA 1,"LINEA DE ENVASADO 12ONZ  8,5ONZ  1.25 l",558083,DESEMPACADORA,45143,PLAN MTTO MEC. DESEMPACADORA 558083,13131142,Inspeccion semanal desempacadora,Motoreductores,PM02,ABIE,2023-10-09 05:00:00,,bajo/Medio,0.05555555555555555,558083-1
395,G. LUX PASTO,0395-LINEA 1,"LINEA DE ENVASADO 12ONZ  8,5ONZ  1.25 l",558083,DESEMPACADORA,45143,PLAN MTTO MEC. DESEMPACADORA 558083,13131142,Inspeccion semanal desempacadora,Cadena basculante,PM02,ABIE,2023-10-09 05:00:00,,bajo/Medio,0.05555555555555555,558083-1
395,G. LUX PASTO,0395-LINEA 1,"LINEA DE ENVASADO 12ONZ  8,5ONZ  1.25 l",558083,DESEMPACADORA,45143,PLAN MTTO MEC. DESEMPACADORA 558083,13131142,Inspeccion semanal desempacadora,Estructura del equipo,PM02,ABIE,2023-10-09 05:00:00,,bajo/Medio,0.05555555555555555,558083-1
395,G. LUX PASTO,0395-LINEA 1,"LINEA DE ENVASADO 12ONZ  8,5ONZ  1.25 l",558083,DESEMPACADORA,45143,PLAN MTTO MEC. DESEMPACADORA 558083,13131142,Inspeccion semanal desempacadora,Tablero de comando y control,PM02,ABIE,2023-10-09 05:00:00,,bajo/Medio,0.05555555555555555,558083-1
395,G. LUX PASTO,0395-LINEA 1,"LINEA DE ENVASADO 12ONZ  8,5ONZ  1.25 l",540005,EMPACADORA,45138,PLAN MTTO MEC. EMPACADORA 540005,13123919,Inspeccion semanal empacadora,Mangueras y copas,PM02,LIB.,2023-10-02 05:00:00,,medio/Moderado,0.02777777777777778,540005-1
395,G. LUX PASTO,0395-LINEA 1,"LINEA DE ENVASADO 12ONZ  8,5ONZ  1.25 l",540005,EMPACADORA,45138,PLAN MTTO MEC. EMPACADORA 540005,13123919,Inspeccion semanal empacadora,"Fuga de agua, aire, ",PM02,LIB.,2023-10-02 05:00:00,,medio/Moderado,0.02777777777777778,540005-1
395,G. LUX PASTO,0395-LINEA 1,"LINEA DE ENVASADO 12ONZ  8,5ONZ  1.25 l",540005,EMPACADORA,45138,PLAN MTTO MEC. EMPACADORA 540005,13123919,Inspeccion semanal empacadora,Tubo colector,PM02,LIB.,2023-10-02 05:00:00,,medio/Moderado,0.02777777777777778,540005-1
395,G. LUX PASTO,0395-LINEA 1,"LINEA DE ENVASADO 12ONZ  8,5ONZ  1.25 l",540005,EMPACADORA,45138,PLAN MTTO MEC. EMPACADORA 540005,13123919,Inspeccion semanal empacadora,Aceite en cajas reductoras,PM02,LIB.,2023-10-02 05:00:00,,medio/Moderado,0.02777777777777778,540005-1
395,G. LUX PASTO,0395-LINEA 1,"LINEA DE ENVASADO 12ONZ  8,5ONZ  1.25 l",540005,EMPACADORA,45138,PLAN MTTO MEC. EMPACADORA 540005,13123919,Inspeccion semanal empacadora,Chumaceras y cadenas,PM02,LIB.,2023-10-02 05:00:00,,medio/Moderado,0.02777777777777778,540005-1
395,G. LUX PASTO,0395-LINEA 1,"LINEA DE ENVASADO 12ONZ  8,5ONZ  1.25 l",540005,EMPACADORA,45138,PLAN MTTO MEC. EMPACADORA 540005,13123919,Inspeccion semanal empacadora,Ruido vibración  y calentamiento motores,PM02,LIB.,2023-10-02 05:00:00,,medio/Moderado,0.02777777777777778,540005-1
395,G. LUX PASTO,0395-LINEA 1,"LINEA DE ENVASADO 12ONZ  8,5ONZ  1.25 l",540005,EMPACADORA,45138,PLAN MTTO MEC. EMPACADORA 540005,13123919,Inspeccion semanal empacadora,Brazos principales,PM02,LIB.,2023-10-02 05:00:00,,medio/Moderado,0.02777777777777778,540005-1
395,G. LUX PASTO,0395-LINEA 1,"LINEA DE ENVASADO 12ONZ  8,5ONZ  1.25 l",540005,EMPACADORA,45138,PLAN MTTO MEC. EMPACADORA 540005,13123919,Inspeccion semanal empacadora,Tablero eléctrico,PM02,LIB.,2023-10-02 05:00:00,,medio/Moderado,0.02777777777777778,540005-1
395,G. LUX PASTO,0395-LINEA 1,"LINEA DE ENVASADO 12ONZ  8,5ONZ  1.25 l",540005,EMPACADORA,45138,PLAN MTTO MEC. EMPACADORA 540005,13123919,Inspeccion semanal empacadora,Platinas de desgaste y cadenas cardanicas,PM02,LIB.,2023-10-02 05:00:00,,medio/Moderado,0.02777777777777778,540005-1
395,G. LUX PASTO,0395-LINEA 1,"LINEA DE ENVASADO 12ONZ  8,5ONZ  1.25 l",540005,EMPACADORA,45138,PLAN MTTO MEC. EMPACADORA 540005,13123919,Inspeccion semanal empacadora,Piñones y discos de embrague,PM02,LIB.,2023-10-02 05:00:00,,medio/Moderado,0.02777777777777778,540005-1
395,G. LUX PASTO,0395-LINEA 1,"LINEA DE ENVASADO 12ONZ  8,5ONZ  1.25 l",540005,EMPACADORA,45138,PLAN MTTO MEC. EMPACADORA 540005,13123919,Inspeccion semanal empacadora,Boquillas de jabón,PM02,LIB.,2023-10-02 05:00:00,,medio/Moderado,0.02777777777777778,540005-1
395,G. LUX PASTO,0395-LINEA 1,"LINEA DE ENVASADO 12ONZ  8,5ONZ  1.25 l",540005,EMPACADORA,45138,PLAN MTTO MEC. EMPACADORA 540005,13123919,Inspeccion semanal empacadora,Válvulas reguladoras de aire,PM02,LIB.,2023-10-02 05:00:00,,medio/Moderado,0.02777777777777778,540005-1
395,G. LUX PASTO,0395-LINEA 1,"LINEA DE ENVASADO 12ONZ  8,5ONZ  1.25 l",540005,EMPACADORA,45138,PLAN MTTO MEC. EMPACADORA 540005,13123919,Inspeccion semanal empacadora,Fotoceldas y sensores,PM02,LIB.,2023-10-02 05:00:00,,medio/Moderado,0.02777777777777778,540005-1
395,G. LUX PASTO,0395-LINEA 1,"LINEA DE ENVASADO 12ONZ  8,5ONZ  1.25 l",540005,EMPACADORA,45138,PLAN MTTO MEC. EMPACADORA 540005,13123919,Inspeccion semanal empacadora,Cadenas table top,PM02,LIB.,2023-10-02 05:00:00,,medio/Moderado,0.02777777777777778,540005-1
395,G. LUX PASTO,0395-LINEA 1,"LINEA DE ENVASADO 12ONZ  8,5ONZ  1.25 l",540005,EMPACADORA,45138,PLAN MTTO MEC. EMPACADORA 540005,13123919,Inspeccion semanal empacadora,Motoreductores,PM02,LIB.,2023-10-02 05:00:00,,medio/Moderado,0.02777777777777778,540005-1
395,G. LUX PASTO,0395-LINEA 1,"LINEA DE ENVASADO 12ONZ  8,5ONZ  1.25 l",540005,EMPACADORA,45138,PLAN MTTO MEC. EMPACADORA 540005,13123919,Inspeccion semanal empacadora,Cadena basculante,PM02,LIB.,2023-10-02 05:00:00,,medio/Moderado,0.02777777777777778,540005-1
395,G. LUX PASTO,0395-LINEA 1,"LINEA DE ENVASADO 12ONZ  8,5ONZ  1.25 l",540005,EMPACADORA,45138,PLAN MTTO MEC. EMPACADORA 540005,13123919,Inspeccion semanal empacadora,Estructura del equipo,PM02,LIB.,2023-10-02 05:00:00,,medio/Moderado,0.02777777777777778,540005-1
395,G. LUX PASTO,0395-LINEA 1,"LINEA DE ENVASADO 12ONZ  8,5ONZ  1.25 l",540005,EMPACADORA,45138,PLAN MTTO MEC. EMPACADORA 540005,13123919,Inspeccion semanal empacadora,Tablero de comando y control,PM02,LIB.,2023-10-02 05:00:00,,medio/Moderado,0.02777777777777778,540005-1
395,G. LUX PASTO,0395-LINEA 1,"LINEA DE ENVASADO 12ONZ  8,5ONZ  1.25 l",528859,CARBO COOLER,45107,PLAN MTTO MEC CARBO COOLER 528859,13131140,inspeccion semanal carbo cooler,Niveles proporcionador,PM02,ABIE,2023-10-07 05:00:00,,medio/Moderado,0.05555555555555555,528859-1
395,G. LUX PASTO,0395-LINEA 1,"LINEA DE ENVASADO 12ONZ  8,5ONZ  1.25 l",528859,CARBO COOLER,45107,PLAN MTTO MEC CARBO COOLER 528859,13131140,inspeccion semanal carbo cooler,"Fuga de agua, aire, Co2, amoniaco",PM02,ABIE,2023-10-07 05:00:00,,medio/Moderado,0.05555555555555555,528859-1
395,G. LUX PASTO,0395-LINEA 1,"LINEA DE ENVASADO 12ONZ  8,5ONZ  1.25 l",528859,CARBO COOLER,45107,PLAN MTTO MEC CARBO COOLER 528859,13131140,inspeccion semanal carbo cooler,Bombas de agua y mezcla,PM02,ABIE,2023-10-07 05:00:00,,medio/Moderado,0.05555555555555555,528859-1
395,G. LUX PASTO,0395-LINEA 1,"LINEA DE ENVASADO 12ONZ  8,5ONZ  1.25 l",528859,CARBO COOLER,45107,PLAN MTTO MEC CARBO COOLER 528859,13131140,inspeccion semanal carbo cooler,Válvulas reguladora de Co2  ,PM02,ABIE,2023-10-07 05:00:00,,medio/Moderado,0.05555555555555555,528859-1
395,G. LUX PASTO,0395-LINEA 1,"LINEA DE ENVASADO 12ONZ  8,5ONZ  1.25 l",528859,CARBO COOLER,45107,PLAN MTTO MEC CARBO COOLER 528859,13131140,inspeccion semanal carbo cooler,Válvulas PM,PM02,ABIE,2023-10-07 05:00:00,,medio/Moderado,0.05555555555555555,528859-1
395,G. LUX PASTO,0395-LINEA 1,"LINEA DE ENVASADO 12ONZ  8,5ONZ  1.25 l",528859,CARBO COOLER,45107,PLAN MTTO MEC CARBO COOLER 528859,13131140,inspeccion semanal carbo cooler,Ruido vibración  y calentamiento motores,PM02,ABIE,2023-10-07 05:00:00,,medio/Moderado,0.05555555555555555,528859-1
395,G. LUX PASTO,0395-LINEA 1,"LINEA DE ENVASADO 12ONZ  8,5ONZ  1.25 l",528859,CARBO COOLER,45107,PLAN MTTO MEC CARBO COOLER 528859,13131140,inspeccion semanal carbo cooler,Válvulas Skayner,PM02,ABIE,2023-10-07 05:00:00,,medio/Moderado,0.05555555555555555,528859-1
395,G. LUX PASTO,0395-LINEA 1,"LINEA DE ENVASADO 12ONZ  8,5ONZ  1.25 l",528859,CARBO COOLER,45107,PLAN MTTO MEC CARBO COOLER 528859,13131140,inspeccion semanal carbo cooler,Tablero eléctrico,PM02,ABIE,2023-10-07 05:00:00,,medio/Moderado,0.05555555555555555,528859-1
395,G. LUX PASTO,0395-LINEA 1,"LINEA DE ENVASADO 12ONZ  8,5ONZ  1.25 l",528859,CARBO COOLER,45107,PLAN MTTO MEC CARBO COOLER 528859,13131140,inspeccion semanal carbo cooler,Taylor,PM02,ABIE,2023-10-07 05:00:00,,medio/Moderado,0.05555555555555555,528859-1
395,G. LUX PASTO,0395-LINEA 1,"LINEA DE ENVASADO 12ONZ  8,5ONZ  1.25 l",528859,CARBO COOLER,45107,PLAN MTTO MEC CARBO COOLER 528859,13131140,inspeccion semanal carbo cooler,Sparguer ,PM02,ABIE,2023-10-07 05:00:00,,medio/Moderado,0.05555555555555555,528859-1
395,G. LUX PASTO,0395-LINEA 1,"LINEA DE ENVASADO 12ONZ  8,5ONZ  1.25 l",528859,CARBO COOLER,45107,PLAN MTTO MEC CARBO COOLER 528859,13131140,inspeccion semanal carbo cooler,Vedantes,PM02,ABIE,2023-10-07 05:00:00,,medio/Moderado,0.05555555555555555,528859-1
395,G. LUX PASTO,0395-LINEA 1,"LINEA DE ENVASADO 12ONZ  8,5ONZ  1.25 l",528859,CARBO COOLER,45107,PLAN MTTO MEC CARBO COOLER 528859,13131140,inspeccion semanal carbo cooler,Válvulas reguladoras de aire,PM02,ABIE,2023-10-07 05:00:00,,medio/Moderado,0.05555555555555555,528859-1
395,G. LUX PASTO,0395-LINEA 1,"LINEA DE ENVASADO 12ONZ  8,5ONZ  1.25 l",528859,CARBO COOLER,45107,PLAN MTTO MEC CARBO COOLER 528859,13131140,inspeccion semanal carbo cooler,Niveles de los tanques pre y carbonatador,PM02,ABIE,2023-10-07 05:00:00,,medio/Moderado,0.05555555555555555,528859-1
395,G. LUX PASTO,0395-LINEA 1,"LINEA DE ENVASADO 12ONZ  8,5ONZ  1.25 l",528859,CARBO COOLER,45107,PLAN MTTO MEC CARBO COOLER 528859,13131140,inspeccion semanal carbo cooler,Manómetros y control temperatura,PM02,ABIE,2023-10-07 05:00:00,,medio/Moderado,0.05555555555555555,528859-1
395,G. LUX PASTO,0395-LINEA 1,"LINEA DE ENVASADO 12ONZ  8,5ONZ  1.25 l",528859,CARBO COOLER,45107,PLAN MTTO MEC CARBO COOLER 528859,13131140,inspeccion semanal carbo cooler,"Nivel de los tanques de agua, jarabe y mezcla.",PM02,ABIE,2023-10-07 05:00:00,,medio/Moderado,0.05555555555555555,528859-1
395,G. LUX PASTO,0395-LINEA 1,"LINEA DE ENVASADO 12ONZ  8,5ONZ  1.25 l",528859,CARBO COOLER,45107,PLAN MTTO MEC CARBO COOLER 528859,13131140,inspeccion semanal carbo cooler,Válvulas de producto,PM02,ABIE,2023-10-07 05:00:00,,medio/Moderado,0.05555555555555555,528859-1
395,G. LUX PASTO,0395-LINEA 1,"LINEA DE ENVASADO 12ONZ  8,5ONZ  1.25 l",528859,CARBO COOLER,45107,PLAN MTTO MEC CARBO COOLER 528859,13131140,inspeccion semanal carbo cooler,Estructura del equipo,PM02,ABIE,2023-10-07 05:00:00,,medio/Moderado,0.05555555555555555,528859-1
395,G. LUX PASTO,0395-LINEA 1,"LINEA DE ENVASADO 12ONZ  8,5ONZ  1.25 l",528859,CARBO COOLER,45107,PLAN MTTO MEC CARBO COOLER 528859,13131140,inspeccion semanal carbo cooler,Purga de amoniaco,PM02,ABIE,2023-10-07 05:00:00,,medio/Moderado,0.05555555555555555,528859-1
395,G. LUX PASTO,0395-LINEA 1,"LINEA DE ENVASADO 12ONZ  8,5ONZ  1.25 l",599571,INSPECTOR ELECTRONICO BOTELLAS VACIAS,45366,PLAN MTTO ELEC. INSP. ELECT. 599571,13123972,inspeccion semanal inspector electronico,Copas de succión,PM02,LIB.,2023-10-03 05:00:00,,medio/Moderado,0.03125,599571-1
395,G. LUX PASTO,0395-LINEA 1,"LINEA DE ENVASADO 12ONZ  8,5ONZ  1.25 l",599571,INSPECTOR ELECTRONICO BOTELLAS VACIAS,45366,PLAN MTTO ELEC. INSP. ELECT. 599571,13123972,inspeccion semanal inspector electronico,"Fuga de agua, aire",PM02,LIB.,2023-10-03 05:00:00,,medio/Moderado,0.03125,599571-1
395,G. LUX PASTO,0395-LINEA 1,"LINEA DE ENVASADO 12ONZ  8,5ONZ  1.25 l",599571,INSPECTOR ELECTRONICO BOTELLAS VACIAS,45366,PLAN MTTO ELEC. INSP. ELECT. 599571,13123972,inspeccion semanal inspector electronico,Embrague,PM02,LIB.,2023-10-03 05:00:00,,medio/Moderado,0.03125,599571-1
395,G. LUX PASTO,0395-LINEA 1,"LINEA DE ENVASADO 12ONZ  8,5ONZ  1.25 l",599571,INSPECTOR ELECTRONICO BOTELLAS VACIAS,45366,PLAN MTTO ELEC. INSP. ELECT. 599571,13123972,inspeccion semanal inspector electronico,Suministro eléctrico,PM02,LIB.,2023-10-03 05:00:00,,medio/Moderado,0.03125,599571-1
395,G. LUX PASTO,0395-LINEA 1,"LINEA DE ENVASADO 12ONZ  8,5ONZ  1.25 l",599571,INSPECTOR ELECTRONICO BOTELLAS VACIAS,45366,PLAN MTTO ELEC. INSP. ELECT. 599571,13123972,inspeccion semanal inspector electronico,Encoder,PM02,LIB.,2023-10-03 05:00:00,,medio/Moderado,0.03125,599571-1
395,G. LUX PASTO,0395-LINEA 1,"LINEA DE ENVASADO 12ONZ  8,5ONZ  1.25 l",599571,INSPECTOR ELECTRONICO BOTELLAS VACIAS,45366,PLAN MTTO ELEC. INSP. ELECT. 599571,13123972,inspeccion semanal inspector electronico,Ruido vibración  y calentamiento motores,PM02,LIB.,2023-10-03 05:00:00,,medio/Moderado,0.03125,599571-1
395,G. LUX PASTO,0395-LINEA 1,"LINEA DE ENVASADO 12ONZ  8,5ONZ  1.25 l",599571,INSPECTOR ELECTRONICO BOTELLAS VACIAS,45366,PLAN MTTO ELEC. INSP. ELECT. 599571,13123972,inspeccion semanal inspector electronico,Fugas de aceite,PM02,LIB.,2023-10-03 05:00:00,,medio/Moderado,0.03125,599571-1
395,G. LUX PASTO,0395-LINEA 1,"LINEA DE ENVASADO 12ONZ  8,5ONZ  1.25 l",599571,INSPECTOR ELECTRONICO BOTELLAS VACIAS,45366,PLAN MTTO ELEC. INSP. ELECT. 599571,13123972,inspeccion semanal inspector electronico,Tablero eléctrico,PM02,LIB.,2023-10-03 05:00:00,,medio/Moderado,0.03125,599571-1
395,G. LUX PASTO,0395-LINEA 1,"LINEA DE ENVASADO 12ONZ  8,5ONZ  1.25 l",599571,INSPECTOR ELECTRONICO BOTELLAS VACIAS,45366,PLAN MTTO ELEC. INSP. ELECT. 599571,13123972,inspeccion semanal inspector electronico,Cadenas table top,PM02,LIB.,2023-10-03 05:00:00,,medio/Moderado,0.03125,599571-1
395,G. LUX PASTO,0395-LINEA 1,"LINEA DE ENVASADO 12ONZ  8,5ONZ  1.25 l",599571,INSPECTOR ELECTRONICO BOTELLAS VACIAS,45366,PLAN MTTO ELEC. INSP. ELECT. 599571,13123972,inspeccion semanal inspector electronico,Mesa de rechazo,PM02,LIB.,2023-10-03 05:00:00,,medio/Moderado,0.03125,599571-1
395,G. LUX PASTO,0395-LINEA 1,"LINEA DE ENVASADO 12ONZ  8,5ONZ  1.25 l",599571,INSPECTOR ELECTRONICO BOTELLAS VACIAS,45366,PLAN MTTO ELEC. INSP. ELECT. 599571,13123972,inspeccion semanal inspector electronico,Vidrio difusor,PM02,LIB.,2023-10-03 05:00:00,,medio/Moderado,0.03125,599571-1
395,G. LUX PASTO,0395-LINEA 1,"LINEA DE ENVASADO 12ONZ  8,5ONZ  1.25 l",599571,INSPECTOR ELECTRONICO BOTELLAS VACIAS,45366,PLAN MTTO ELEC. INSP. ELECT. 599571,13123972,inspeccion semanal inspector electronico,Lámparas pared externa ,PM02,LIB.,2023-10-03 05:00:00,,medio/Moderado,0.03125,599571-1
395,G. LUX PASTO,0395-LINEA 1,"LINEA DE ENVASADO 12ONZ  8,5ONZ  1.25 l",599571,INSPECTOR ELECTRONICO BOTELLAS VACIAS,45366,PLAN MTTO ELEC. INSP. ELECT. 599571,13123972,inspeccion semanal inspector electronico,Acrílicos,PM02,LIB.,2023-10-03 05:00:00,,medio/Moderado,0.03125,599571-1
395,G. LUX PASTO,0395-LINEA 1,"LINEA DE ENVASADO 12ONZ  8,5ONZ  1.25 l",599571,INSPECTOR ELECTRONICO BOTELLAS VACIAS,45366,PLAN MTTO ELEC. INSP. ELECT. 599571,13123972,inspeccion semanal inspector electronico,Manómetros de succión y presión,PM02,LIB.,2023-10-03 05:00:00,,medio/Moderado,0.03125,599571-1
395,G. LUX PASTO,0395-LINEA 1,"LINEA DE ENVASADO 12ONZ  8,5ONZ  1.25 l",599571,INSPECTOR ELECTRONICO BOTELLAS VACIAS,45366,PLAN MTTO ELEC. INSP. ELECT. 599571,13123972,inspeccion semanal inspector electronico,sensor botella caída,PM02,LIB.,2023-10-03 05:00:00,,medio/Moderado,0.03125,599571-1
395,G. LUX PASTO,0395-LINEA 1,"LINEA DE ENVASADO 12ONZ  8,5ONZ  1.25 l",599571,INSPECTOR ELECTRONICO BOTELLAS VACIAS,45366,PLAN MTTO ELEC. INSP. ELECT. 599571,13123972,inspeccion semanal inspector electronico,Sensor de cadena ,PM02,LIB.,2023-10-03 05:00:00,,medio/Moderado,0.03125,599571-1
395,G. LUX PASTO,0395-LINEA 1,"LINEA DE ENVASADO 12ONZ  8,5ONZ  1.25 l",518580,LLENADORA,45057,PLAN MANTTO MEC. LLENA. BOTELLAS 518580,13131136,inspeccion semanal llenadora meyer,Pistones elevadores,PM02,ABIE,2023-10-07 05:00:00,,medio/Moderado,0.05263157894736842,518580-1
395,G. LUX PASTO,0395-LINEA 1,"LINEA DE ENVASADO 12ONZ  8,5ONZ  1.25 l",518580,LLENADORA,45057,PLAN MANTTO MEC. LLENA. BOTELLAS 518580,13131136,inspeccion semanal llenadora meyer,"Fuga de agua, aire y producto, ",PM02,ABIE,2023-10-07 05:00:00,,medio/Moderado,0.05263157894736842,518580-1
395,G. LUX PASTO,0395-LINEA 1,"LINEA DE ENVASADO 12ONZ  8,5ONZ  1.25 l",518580,LLENADORA,45057,PLAN MANTTO MEC. LLENA. BOTELLAS 518580,13131136,inspeccion semanal llenadora meyer,Niveles de aceite,PM02,ABIE,2023-10-07 05:00:00,,medio/Moderado,0.05263157894736842,518580-1
395,G. LUX PASTO,0395-LINEA 1,"LINEA DE ENVASADO 12ONZ  8,5ONZ  1.25 l",518580,LLENADORA,45057,PLAN MANTTO MEC. LLENA. BOTELLAS 518580,13131136,inspeccion semanal llenadora meyer,"Ruido, vibración y calentamiento motores  ",PM02,ABIE,2023-10-07 05:00:00,,medio/Moderado,0.05263157894736842,518580-1
395,G. LUX PASTO,0395-LINEA 1,"LINEA DE ENVASADO 12ONZ  8,5ONZ  1.25 l",518580,LLENADORA,45057,PLAN MANTTO MEC. LLENA. BOTELLAS 518580,13131136,inspeccion semanal llenadora meyer,Válvulas roncadoras,PM02,ABIE,2023-10-07 05:00:00,,medio/Moderado,0.05263157894736842,518580-1
395,G. LUX PASTO,0395-LINEA 1,"LINEA DE ENVASADO 12ONZ  8,5ONZ  1.25 l",518580,LLENADORA,45057,PLAN MANTTO MEC. LLENA. BOTELLAS 518580,13131136,inspeccion semanal llenadora meyer,Instrumentos de medición,PM02,ABIE,2023-10-07 05:00:00,,medio/Moderado,0.05263157894736842,518580-1
395,G. LUX PASTO,0395-LINEA 1,"LINEA DE ENVASADO 12ONZ  8,5ONZ  1.25 l",518580,LLENADORA,45057,PLAN MANTTO MEC. LLENA. BOTELLAS 518580,13131136,inspeccion semanal llenadora meyer,Válvulas de llenado,PM02,ABIE,2023-10-07 05:00:00,,medio/Moderado,0.05263157894736842,518580-1
395,G. LUX PASTO,0395-LINEA 1,"LINEA DE ENVASADO 12ONZ  8,5ONZ  1.25 l",518580,LLENADORA,45057,PLAN MANTTO MEC. LLENA. BOTELLAS 518580,13131136,inspeccion semanal llenadora meyer,Coronado y nivel de llenado,PM02,ABIE,2023-10-07 05:00:00,,medio/Moderado,0.05263157894736842,518580-1
395,G. LUX PASTO,0395-LINEA 1,"LINEA DE ENVASADO 12ONZ  8,5ONZ  1.25 l",518580,LLENADORA,45057,PLAN MANTTO MEC. LLENA. BOTELLAS 518580,13131136,inspeccion semanal llenadora meyer,Tolva tapa corona y rosca,PM02,ABIE,2023-10-07 05:00:00,,medio/Moderado,0.05263157894736842,518580-1
395,G. LUX PASTO,0395-LINEA 1,"LINEA DE ENVASADO 12ONZ  8,5ONZ  1.25 l",518580,LLENADORA,45057,PLAN MANTTO MEC. LLENA. BOTELLAS 518580,13131136,inspeccion semanal llenadora meyer, Abridor y cerrador de válvulas,PM02,ABIE,2023-10-07 05:00:00,,medio/Moderado,0.05263157894736842,518580-1
395,G. LUX PASTO,0395-LINEA 1,"LINEA DE ENVASADO 12ONZ  8,5ONZ  1.25 l",518580,LLENADORA,45057,PLAN MANTTO MEC. LLENA. BOTELLAS 518580,13131136,inspeccion semanal llenadora meyer,Sistema de semillenado,PM02,ABIE,2023-10-07 05:00:00,,medio/Moderado,0.05263157894736842,518580-1
395,G. LUX PASTO,0395-LINEA 1,"LINEA DE ENVASADO 12ONZ  8,5ONZ  1.25 l",518580,LLENADORA,45057,PLAN MANTTO MEC. LLENA. BOTELLAS 518580,13131136,inspeccion semanal llenadora meyer,"Sensores, microswiches y Fotoceldas ",PM02,ABIE,2023-10-07 05:00:00,,medio/Moderado,0.05263157894736842,518580-1
395,G. LUX PASTO,0395-LINEA 1,"LINEA DE ENVASADO 12ONZ  8,5ONZ  1.25 l",518580,LLENADORA,45057,PLAN MANTTO MEC. LLENA. BOTELLAS 518580,13131136,inspeccion semanal llenadora meyer,Válvulas de agua y producto,PM02,ABIE,2023-10-07 05:00:00,,medio/Moderado,0.05263157894736842,518580-1
395,G. LUX PASTO,0395-LINEA 1,"LINEA DE ENVASADO 12ONZ  8,5ONZ  1.25 l",518580,LLENADORA,45057,PLAN MANTTO MEC. LLENA. BOTELLAS 518580,13131136,inspeccion semanal llenadora meyer,Tablero eléctrico,PM02,ABIE,2023-10-07 05:00:00,,medio/Moderado,0.05263157894736842,518580-1
395,G. LUX PASTO,0395-LINEA 1,"LINEA DE ENVASADO 12ONZ  8,5ONZ  1.25 l",518580,LLENADORA,45057,PLAN MANTTO MEC. LLENA. BOTELLAS 518580,13131136,inspeccion semanal llenadora meyer,Nivel del bold,PM02,ABIE,2023-10-07 05:00:00,,medio/Moderado,0.05263157894736842,518580-1
395,G. LUX PASTO,0395-LINEA 1,"LINEA DE ENVASADO 12ONZ  8,5ONZ  1.25 l",518580,LLENADORA,45057,PLAN MANTTO MEC. LLENA. BOTELLAS 518580,13131136,inspeccion semanal llenadora meyer,Elevador de tapas,PM02,ABIE,2023-10-07 05:00:00,,medio/Moderado,0.05263157894736842,518580-1
395,G. LUX PASTO,0395-LINEA 1,"LINEA DE ENVASADO 12ONZ  8,5ONZ  1.25 l",518580,LLENADORA,45057,PLAN MANTTO MEC. LLENA. BOTELLAS 518580,13131136,inspeccion semanal llenadora meyer,Estructura del equipo,PM02,ABIE,2023-10-07 05:00:00,,medio/Moderado,0.05263157894736842,518580-1
395,G. LUX PASTO,0395-LINEA 1,"LINEA DE ENVASADO 12ONZ  8,5ONZ  1.25 l",518580,LLENADORA,45057,PLAN MANTTO MEC. LLENA. BOTELLAS 518580,13131136,inspeccion semanal llenadora meyer,Estrellas y guías llenadora,PM02,ABIE,2023-10-07 05:00:00,,medio/Moderado,0.05263157894736842,518580-1
395,G. LUX PASTO,0395-LINEA 1,"LINEA DE ENVASADO 12ONZ  8,5ONZ  1.25 l",518580,LLENADORA,45057,PLAN MANTTO MEC. LLENA. BOTELLAS 518580,13131136,inspeccion semanal llenadora meyer,transportadores,PM02,ABIE,2023-10-07 05:00:00,,medio/Moderado,0.05263157894736842,518580-1
395,G. LUX PASTO,0395-PLANTAS DE AGUAS,TRATAMIENTO DE AGUA PARA ENVASADO,69962151,COCINA CALENTAMIENTO AGUA FILTROS,45157,PLAN MTTO MEC CALENT FILTROS 69962151,13131147,inspeccion semanal cocina calent. filtro,INSPECCIÓN SEMANAL COCINA CALENTAMIENTO AGUA FILTROS,PM02,ABIE,2023-10-09 05:00:00,,medio/Moderado,0.5,69962151-1
395,G. LUX PASTO,0395-PLANTAS DE AGUAS,TRATAMIENTO DE AGUA PARA ENVASADO,70947402,CUARTO DE BOMBAS TANQUE ALM AGUA,45153,PLAN MTTO MEC BOMBAS PTAP 70947402,13131146,Inspeccion semanal cuarto de bombas PTAP,INSPECCIÓN SEMANAL CUARTO DE BOMBAS TANQUE ALM AGUA,PM02,ABIE,2023-10-07 05:00:00,,medio/Moderado,1,70947402-1
395,G. LUX PASTO,0395-PLANTAS DE AGUAS,TRATAMIENTO DE AGUA PARA ENVASADO,70961602,FILTRO DE ARENA No  2,45159,PLAN MTTO MEC FIL ARENA No.2 70961602,13123944,inspeccion semanal filtro arena 2,INSPECCIÓN SEMANAL FILTRO DE ARENA No  2,PM02,LIB.,2023-10-02 05:00:00,,bajo/Medio,0.1,70961602-1
395,G. LUX PASTO,0395-PLANTAS DE AGUAS,TRATAMIENTO DE AGUA PARA ENVASADO,70961605,FILTRO DE CARBON No  1,45162,PLAN MTTO MEC FILTRO CARBON 1 70961605,13123946,inspeccion semanal filtro carbon 1,INSPECCIÓN SEMANAL FILTRO DE CARBON No  1,PM02,LIB.,2023-10-02 05:00:00,,,0.1,70961605-1
395,G. LUX PASTO,0395-PLANTAS DE AGUAS,TRATAMIENTO DE AGUA PARA ENVASADO,70961005,FILTRO DE CARBON No 3,45161,PLAN MTTO MEC FILTR CARBON 3 70961005,13131150,inspeccion semanal filtro arena 3,INSPECCIÓN SEMANAL FILTRO DE CARBON No 3,PM02,ABIE,2023-10-09 05:00:00,,bajo/Medio,0.5,70961005-1
395,G. LUX PASTO,0395-PLANTAS DE AGUAS,TRATAMIENTO DE AGUA PARA ENVASADO,709474,FLOCULADOR,46652,PLAN MTTO MEC FLOCULADOR 709474,13131197,inspeccion semanal floculador,INSPECCIÓN SEMANAL FLOCULADOR,PM02,ABIE,2023-10-07 05:00:00,,medio/Moderado,0.5,709474-1
395,G. LUX PASTO,0395-PLANTAS DE AGUAS,TRATAMIENTO DE AGUA PARA ENVASADO,700031,SUAVIZADOR,45149,PLAN MTTO MEC SUAVISADOR 700031,13123929,inspeccion semanal suavisador,INSPECCIÓN SEMANAL SUAVIZADOR,PM02,LIB.,2023-10-02 05:00:00,,bajo/Medio,0.5,700031-1
395,G. LUX PASTO,0395-PLANTAS DE AGUAS,TRATAMIENTO DE AGUA PARA ENVASADO,70947404,TANQUE DE BALANCE,46704,PLAN MTTO MEC TK BALANCE 70947404,13131201,inspeccion semanal tanque de balanceo,INSPECCIÓN SEMANAL TANQUE DE BALANCE,PM02,ABIE,2023-10-07 05:00:00,,medio/Moderado,0.5,70947404-1
395,G. LUX PASTO,0395-PLANTAS DE AGUAS,TRATAMIENTO DE AGUA PARA ENVASADO,70947403,TANQUES ALMACENAMIENTO AGUA,45151,PLAN MTTO MEC.TAN.ALM.AGUA TRA.70947403,13123936,Inspeccion semanal tanque de almacenamie,INSPECCIÓN SEMANAL TANQUES ALMACENAMIENTO AGUA,PM02,LIB.,2023-10-02 05:00:00,,medio/Moderado,0.5,70947403-1
395,G. LUX PASTO,0395-LINEA DE BOLSAS,LINEA PARA EL LLENADO DE BOLSAS,710212,LLENADORA DE BOLSAS LINEA 4,18111,PLAN MTTO MEC LLENAD 6 LTS SOLPAK 710212,13131126,inspeccion semanal llenadora solpak 6 lt,Inyector de agua,PM02,ABIE,2023-10-07 05:00:00,,medio/Moderado,0.05882352941176471,710212-1
395,G. LUX PASTO,0395-LINEA DE BOLSAS,LINEA PARA EL LLENADO DE BOLSAS,710212,LLENADORA DE BOLSAS LINEA 4,18111,PLAN MTTO MEC LLENAD 6 LTS SOLPAK 710212,13131126,inspeccion semanal llenadora solpak 6 lt,Fuga de agua y aire,PM02,ABIE,2023-10-07 05:00:00,,medio/Moderado,0.05882352941176471,710212-1
395,G. LUX PASTO,0395-LINEA DE BOLSAS,LINEA PARA EL LLENADO DE BOLSAS,710212,LLENADORA DE BOLSAS LINEA 4,18111,PLAN MTTO MEC LLENAD 6 LTS SOLPAK 710212,13131126,inspeccion semanal llenadora solpak 6 lt,Fotoceldas y sensores,PM02,ABIE,2023-10-07 05:00:00,,medio/Moderado,0.05882352941176471,710212-1
395,G. LUX PASTO,0395-LINEA DE BOLSAS,LINEA PARA EL LLENADO DE BOLSAS,710212,LLENADORA DE BOLSAS LINEA 4,18111,PLAN MTTO MEC LLENAD 6 LTS SOLPAK 710212,13131126,inspeccion semanal llenadora solpak 6 lt,Válvulas neumáticas,PM02,ABIE,2023-10-07 05:00:00,,medio/Moderado,0.05882352941176471,710212-1
395,G. LUX PASTO,0395-LINEA DE BOLSAS,LINEA PARA EL LLENADO DE BOLSAS,710212,LLENADORA DE BOLSAS LINEA 4,18111,PLAN MTTO MEC LLENAD 6 LTS SOLPAK 710212,13131126,inspeccion semanal llenadora solpak 6 lt,Dosificador de cloro,PM02,ABIE,2023-10-07 05:00:00,,medio/Moderado,0.05882352941176471,710212-1
395,G. LUX PASTO,0395-LINEA DE BOLSAS,LINEA PARA EL LLENADO DE BOLSAS,710212,LLENADORA DE BOLSAS LINEA 4,18111,PLAN MTTO MEC LLENAD 6 LTS SOLPAK 710212,13131126,inspeccion semanal llenadora solpak 6 lt,Ruido y calentamiento motores,PM02,ABIE,2023-10-07 05:00:00,,medio/Moderado,0.05882352941176471,710212-1
395,G. LUX PASTO,0395-LINEA DE BOLSAS,LINEA PARA EL LLENADO DE BOLSAS,710212,LLENADORA DE BOLSAS LINEA 4,18111,PLAN MTTO MEC LLENAD 6 LTS SOLPAK 710212,13131126,inspeccion semanal llenadora solpak 6 lt,Banda y cadena transportadora,PM02,ABIE,2023-10-07 05:00:00,,medio/Moderado,0.05882352941176471,710212-1
395,G. LUX PASTO,0395-LINEA DE BOLSAS,LINEA PARA EL LLENADO DE BOLSAS,710212,LLENADORA DE BOLSAS LINEA 4,18111,PLAN MTTO MEC LLENAD 6 LTS SOLPAK 710212,13131126,inspeccion semanal llenadora solpak 6 lt,Tablero eléctrico,PM02,ABIE,2023-10-07 05:00:00,,medio/Moderado,0.05882352941176471,710212-1
395,G. LUX PASTO,0395-LINEA DE BOLSAS,LINEA PARA EL LLENADO DE BOLSAS,710212,LLENADORA DE BOLSAS LINEA 4,18111,PLAN MTTO MEC LLENAD 6 LTS SOLPAK 710212,13131126,inspeccion semanal llenadora solpak 6 lt,Resistencias de sellado,PM02,ABIE,2023-10-07 05:00:00,,medio/Moderado,0.05882352941176471,710212-1
395,G. LUX PASTO,0395-LINEA DE BOLSAS,LINEA PARA EL LLENADO DE BOLSAS,710212,LLENADORA DE BOLSAS LINEA 4,18111,PLAN MTTO MEC LLENAD 6 LTS SOLPAK 710212,13131126,inspeccion semanal llenadora solpak 6 lt,Lámpara ultravioleta,PM02,ABIE,2023-10-07 05:00:00,,medio/Moderado,0.05882352941176471,710212-1
395,G. LUX PASTO,0395-LINEA DE BOLSAS,LINEA PARA EL LLENADO DE BOLSAS,710212,LLENADORA DE BOLSAS LINEA 4,18111,PLAN MTTO MEC LLENAD 6 LTS SOLPAK 710212,13131126,inspeccion semanal llenadora solpak 6 lt,Tanque y niveles de agua,PM02,ABIE,2023-10-07 05:00:00,,medio/Moderado,0.05882352941176471,710212-1
395,G. LUX PASTO,0395-LINEA DE BOLSAS,LINEA PARA EL LLENADO DE BOLSAS,710212,LLENADORA DE BOLSAS LINEA 4,18111,PLAN MTTO MEC LLENAD 6 LTS SOLPAK 710212,13131126,inspeccion semanal llenadora solpak 6 lt,Rodillos de arrastre lamina,PM02,ABIE,2023-10-07 05:00:00,,medio/Moderado,0.05882352941176471,710212-1
395,G. LUX PASTO,0395-LINEA DE BOLSAS,LINEA PARA EL LLENADO DE BOLSAS,710212,LLENADORA DE BOLSAS LINEA 4,18111,PLAN MTTO MEC LLENAD 6 LTS SOLPAK 710212,13131126,inspeccion semanal llenadora solpak 6 lt,Plato acumulador,PM02,ABIE,2023-10-07 05:00:00,,medio/Moderado,0.05882352941176471,710212-1
395,G. LUX PASTO,0395-LINEA DE BOLSAS,LINEA PARA EL LLENADO DE BOLSAS,710212,LLENADORA DE BOLSAS LINEA 4,18111,PLAN MTTO MEC LLENAD 6 LTS SOLPAK 710212,13131126,inspeccion semanal llenadora solpak 6 lt,Filtro microbiológico,PM02,ABIE,2023-10-07 05:00:00,,medio/Moderado,0.05882352941176471,710212-1
395,G. LUX PASTO,0395-LINEA DE BOLSAS,LINEA PARA EL LLENADO DE BOLSAS,710212,LLENADORA DE BOLSAS LINEA 4,18111,PLAN MTTO MEC LLENAD 6 LTS SOLPAK 710212,13131126,inspeccion semanal llenadora solpak 6 lt,Bomba de enfriamiento resistencias,PM02,ABIE,2023-10-07 05:00:00,,medio/Moderado,0.05882352941176471,710212-1
395,G. LUX PASTO,0395-LINEA DE BOLSAS,LINEA PARA EL LLENADO DE BOLSAS,710212,LLENADORA DE BOLSAS LINEA 4,18111,PLAN MTTO MEC LLENAD 6 LTS SOLPAK 710212,13131126,inspeccion semanal llenadora solpak 6 lt,Teflón de sellado,PM02,ABIE,2023-10-07 05:00:00,,medio/Moderado,0.05882352941176471,710212-1
395,G. LUX PASTO,0395-LINEA DE BOLSAS,LINEA PARA EL LLENADO DE BOLSAS,710212,LLENADORA DE BOLSAS LINEA 4,18111,PLAN MTTO MEC LLENAD 6 LTS SOLPAK 710212,13131126,inspeccion semanal llenadora solpak 6 lt,Estructura del equipo,PM02,ABIE,2023-10-07 05:00:00,,medio/Moderado,0.05882352941176471,710212-1
395,G. LUX PASTO,0395-EQUIPOS AUXILIARES,EQUIPOS PARA SERVICIOS INDUSTRIALES,649549,COMPRESOR DE AIRE,46725,PLAN MTTO MEC COM. ATLAS COPCO 649579,13131206,inspeccion semanal compresor aire zt 55,Nivel de aceite,PM02,ABIE,2023-10-07 05:00:00,,medio/Moderado,0.03125,649549-1
395,G. LUX PASTO,0395-EQUIPOS AUXILIARES,EQUIPOS PARA SERVICIOS INDUSTRIALES,649549,COMPRESOR DE AIRE,46725,PLAN MTTO MEC COM. ATLAS COPCO 649579,13131206,inspeccion semanal compresor aire zt 55,Presiones de trabajo,PM02,ABIE,2023-10-07 05:00:00,,medio/Moderado,0.03125,649549-1
395,G. LUX PASTO,0395-EQUIPOS AUXILIARES,EQUIPOS PARA SERVICIOS INDUSTRIALES,649549,COMPRESOR DE AIRE,46725,PLAN MTTO MEC COM. ATLAS COPCO 649579,13131206,inspeccion semanal compresor aire zt 55,Válvulas y cheques ,PM02,ABIE,2023-10-07 05:00:00,,medio/Moderado,0.03125,649549-1
395,G. LUX PASTO,0395-EQUIPOS AUXILIARES,EQUIPOS PARA SERVICIOS INDUSTRIALES,649549,COMPRESOR DE AIRE,46725,PLAN MTTO MEC COM. ATLAS COPCO 649579,13131206,inspeccion semanal compresor aire zt 55,Tablero eléctrico,PM02,ABIE,2023-10-07 05:00:00,,medio/Moderado,0.03125,649549-1
395,G. LUX PASTO,0395-EQUIPOS AUXILIARES,EQUIPOS PARA SERVICIOS INDUSTRIALES,649549,COMPRESOR DE AIRE,46725,PLAN MTTO MEC COM. ATLAS COPCO 649579,13131206,inspeccion semanal compresor aire zt 55,Secador ,PM02,ABIE,2023-10-07 05:00:00,,medio/Moderado,0.03125,649549-1
395,G. LUX PASTO,0395-EQUIPOS AUXILIARES,EQUIPOS PARA SERVICIOS INDUSTRIALES,649549,COMPRESOR DE AIRE,46725,PLAN MTTO MEC COM. ATLAS COPCO 649579,13131206,inspeccion semanal compresor aire zt 55,Filtros ,PM02,ABIE,2023-10-07 05:00:00,,medio/Moderado,0.03125,649549-1
395,G. LUX PASTO,0395-EQUIPOS AUXILIARES,EQUIPOS PARA SERVICIOS INDUSTRIALES,649549,COMPRESOR DE AIRE,46725,PLAN MTTO MEC COM. ATLAS COPCO 649579,13131206,inspeccion semanal compresor aire zt 55,Correas y poleas ,PM02,ABIE,2023-10-07 05:00:00,,medio/Moderado,0.03125,649549-1
395,G. LUX PASTO,0395-EQUIPOS AUXILIARES,EQUIPOS PARA SERVICIOS INDUSTRIALES,649549,COMPRESOR DE AIRE,46725,PLAN MTTO MEC COM. ATLAS COPCO 649579,13131206,inspeccion semanal compresor aire zt 55,Manómetros,PM02,ABIE,2023-10-07 05:00:00,,medio/Moderado,0.03125,649549-1
395,G. LUX PASTO,0395-EQUIPOS AUXILIARES,EQUIPOS PARA SERVICIOS INDUSTRIALES,649549,COMPRESOR DE AIRE,46725,PLAN MTTO MEC COM. ATLAS COPCO 649579,13131206,inspeccion semanal compresor aire zt 55,Estado tubería,PM02,ABIE,2023-10-07 05:00:00,,medio/Moderado,0.03125,649549-1
395,G. LUX PASTO,0395-EQUIPOS AUXILIARES,EQUIPOS PARA SERVICIOS INDUSTRIALES,649549,COMPRESOR DE AIRE,46725,PLAN MTTO MEC COM. ATLAS COPCO 649579,13131206,inspeccion semanal compresor aire zt 55,Temporizador condensado,PM02,ABIE,2023-10-07 05:00:00,,medio/Moderado,0.03125,649549-1
395,G. LUX PASTO,0395-EQUIPOS AUXILIARES,EQUIPOS PARA SERVICIOS INDUSTRIALES,649549,COMPRESOR DE AIRE,46725,PLAN MTTO MEC COM. ATLAS COPCO 649579,13131206,inspeccion semanal compresor aire zt 55,Estructura,PM02,ABIE,2023-10-07 05:00:00,,medio/Moderado,0.03125,649549-1
395,G. LUX PASTO,0395-EQUIPOS AUXILIARES,EQUIPOS PARA SERVICIOS INDUSTRIALES,649549,COMPRESOR DE AIRE,46725,PLAN MTTO MEC COM. ATLAS COPCO 649579,13131206,inspeccion semanal compresor aire zt 55,"Ruido, vibración y calentamiento motor",PM02,ABIE,2023-10-07 05:00:00,,medio/Moderado,0.03125,649549-1
395,G. LUX PASTO,0395-EQUIPOS AUXILIARES,EQUIPOS PARA SERVICIOS INDUSTRIALES,649549,COMPRESOR DE AIRE,46725,PLAN MTTO MEC COM. ATLAS COPCO 649579,13131206,inspeccion semanal compresor aire zt 55,Sistema de refrigeración,PM02,ABIE,2023-10-07 05:00:00,,medio/Moderado,0.03125,649549-1
395,G. LUX PASTO,0395-EQUIPOS AUXILIARES,EQUIPOS PARA SERVICIOS INDUSTRIALES,649549,COMPRESOR DE AIRE,46725,PLAN MTTO MEC COM. ATLAS COPCO 649579,13131206,inspeccion semanal compresor aire zt 55,Tanque pulmón,PM02,ABIE,2023-10-07 05:00:00,,medio/Moderado,0.03125,649549-1
395,G. LUX PASTO,0395-EQUIPOS AUXILIARES,EQUIPOS PARA SERVICIOS INDUSTRIALES,649549,COMPRESOR DE AIRE,46725,PLAN MTTO MEC COM. ATLAS COPCO 649579,13131206,inspeccion semanal compresor aire zt 55,Sensores de alta y baja,PM02,ABIE,2023-10-07 05:00:00,,medio/Moderado,0.03125,649549-1
395,G. LUX PASTO,0395-EQUIPOS AUXILIARES,EQUIPOS PARA SERVICIOS INDUSTRIALES,649549,COMPRESOR DE AIRE,46725,PLAN MTTO MEC COM. ATLAS COPCO 649579,13131206,inspeccion semanal compresor aire zt 55,Guardas y puertas de seguridad,PM02,ABIE,2023-10-07 05:00:00,,medio/Moderado,0.03125,649549-1
395,G. LUX PASTO,0395-EQUIPOS AUXILIARES,EQUIPOS PARA SERVICIOS INDUSTRIALES,900012,COMPRESOR DE AIRE TETRA PACK,46798,PLAN MTTO MEC COMPR. AIRE T.P. 900012,13131219,Inspeccion semanal compresor tetra pack,Nivel de aceite,PM02,ABIE,2023-10-07 05:00:00,,medio/Moderado,0.03125,900012-1
395,G. LUX PASTO,0395-EQUIPOS AUXILIARES,EQUIPOS PARA SERVICIOS INDUSTRIALES,900012,COMPRESOR DE AIRE TETRA PACK,46798,PLAN MTTO MEC COMPR. AIRE T.P. 900012,13131219,Inspeccion semanal compresor tetra pack,Presiones de trabajo,PM02,ABIE,2023-10-07 05:00:00,,medio/Moderado,0.03125,900012-1
395,G. LUX PASTO,0395-EQUIPOS AUXILIARES,EQUIPOS PARA SERVICIOS INDUSTRIALES,900012,COMPRESOR DE AIRE TETRA PACK,46798,PLAN MTTO MEC COMPR. AIRE T.P. 900012,13131219,Inspeccion semanal compresor tetra pack,Válvulas y cheques ,PM02,ABIE,2023-10-07 05:00:00,,medio/Moderado,0.03125,900012-1
395,G. LUX PASTO,0395-EQUIPOS AUXILIARES,EQUIPOS PARA SERVICIOS INDUSTRIALES,900012,COMPRESOR DE AIRE TETRA PACK,46798,PLAN MTTO MEC COMPR. AIRE T.P. 900012,13131219,Inspeccion semanal compresor tetra pack,Tablero eléctrico,PM02,ABIE,2023-10-07 05:00:00,,medio/Moderado,0.03125,900012-1
395,G. LUX PASTO,0395-EQUIPOS AUXILIARES,EQUIPOS PARA SERVICIOS INDUSTRIALES,900012,COMPRESOR DE AIRE TETRA PACK,46798,PLAN MTTO MEC COMPR. AIRE T.P. 900012,13131219,Inspeccion semanal compresor tetra pack,Secador ,PM02,ABIE,2023-10-07 05:00:00,,medio/Moderado,0.03125,900012-1
395,G. LUX PASTO,0395-EQUIPOS AUXILIARES,EQUIPOS PARA SERVICIOS INDUSTRIALES,900012,COMPRESOR DE AIRE TETRA PACK,46798,PLAN MTTO MEC COMPR. AIRE T.P. 900012,13131219,Inspeccion semanal compresor tetra pack,Filtros ,PM02,ABIE,2023-10-07 05:00:00,,medio/Moderado,0.03125,900012-1
395,G. LUX PASTO,0395-EQUIPOS AUXILIARES,EQUIPOS PARA SERVICIOS INDUSTRIALES,900012,COMPRESOR DE AIRE TETRA PACK,46798,PLAN MTTO MEC COMPR. AIRE T.P. 900012,13131219,Inspeccion semanal compresor tetra pack,Correas y poleas ,PM02,ABIE,2023-10-07 05:00:00,,medio/Moderado,0.03125,900012-1
395,G. LUX PASTO,0395-EQUIPOS AUXILIARES,EQUIPOS PARA SERVICIOS INDUSTRIALES,900012,COMPRESOR DE AIRE TETRA PACK,46798,PLAN MTTO MEC COMPR. AIRE T.P. 900012,13131219,Inspeccion semanal compresor tetra pack,Manómetros,PM02,ABIE,2023-10-07 05:00:00,,medio/Moderado,0.03125,900012-1
395,G. LUX PASTO,0395-EQUIPOS AUXILIARES,EQUIPOS PARA SERVICIOS INDUSTRIALES,900012,COMPRESOR DE AIRE TETRA PACK,46798,PLAN MTTO MEC COMPR. AIRE T.P. 900012,13131219,Inspeccion semanal compresor tetra pack,Estado tubería,PM02,ABIE,2023-10-07 05:00:00,,medio/Moderado,0.03125,900012-1
395,G. LUX PASTO,0395-EQUIPOS AUXILIARES,EQUIPOS PARA SERVICIOS INDUSTRIALES,900012,COMPRESOR DE AIRE TETRA PACK,46798,PLAN MTTO MEC COMPR. AIRE T.P. 900012,13131219,Inspeccion semanal compresor tetra pack,Temporizador condensado,PM02,ABIE,2023-10-07 05:00:00,,medio/Moderado,0.03125,900012-1
395,G. LUX PASTO,0395-EQUIPOS AUXILIARES,EQUIPOS PARA SERVICIOS INDUSTRIALES,900012,COMPRESOR DE AIRE TETRA PACK,46798,PLAN MTTO MEC COMPR. AIRE T.P. 900012,13131219,Inspeccion semanal compresor tetra pack,Estructura,PM02,ABIE,2023-10-07 05:00:00,,medio/Moderado,0.03125,900012-1
395,G. LUX PASTO,0395-EQUIPOS AUXILIARES,EQUIPOS PARA SERVICIOS INDUSTRIALES,900012,COMPRESOR DE AIRE TETRA PACK,46798,PLAN MTTO MEC COMPR. AIRE T.P. 900012,13131219,Inspeccion semanal compresor tetra pack,"Ruido, vibración y calentamiento motor",PM02,ABIE,2023-10-07 05:00:00,,medio/Moderado,0.03125,900012-1
395,G. LUX PASTO,0395-EQUIPOS AUXILIARES,EQUIPOS PARA SERVICIOS INDUSTRIALES,900012,COMPRESOR DE AIRE TETRA PACK,46798,PLAN MTTO MEC COMPR. AIRE T.P. 900012,13131219,Inspeccion semanal compresor tetra pack,Sistema de refrigeración,PM02,ABIE,2023-10-07 05:00:00,,medio/Moderado,0.03125,900012-1
395,G. LUX PASTO,0395-EQUIPOS AUXILIARES,EQUIPOS PARA SERVICIOS INDUSTRIALES,900012,COMPRESOR DE AIRE TETRA PACK,46798,PLAN MTTO MEC COMPR. AIRE T.P. 900012,13131219,Inspeccion semanal compresor tetra pack,Tanque pulmón,PM02,ABIE,2023-10-07 05:00:00,,medio/Moderado,0.03125,900012-1
395,G. LUX PASTO,0395-EQUIPOS AUXILIARES,EQUIPOS PARA SERVICIOS INDUSTRIALES,900012,COMPRESOR DE AIRE TETRA PACK,46798,PLAN MTTO MEC COMPR. AIRE T.P. 900012,13131219,Inspeccion semanal compresor tetra pack,Sensores de alta y baja,PM02,ABIE,2023-10-07 05:00:00,,medio/Moderado,0.03125,900012-1
395,G. LUX PASTO,0395-EQUIPOS AUXILIARES,EQUIPOS PARA SERVICIOS INDUSTRIALES,900012,COMPRESOR DE AIRE TETRA PACK,46798,PLAN MTTO MEC COMPR. AIRE T.P. 900012,13131219,Inspeccion semanal compresor tetra pack,Guardas y puertas de seguridad,PM02,ABIE,2023-10-07 05:00:00,,medio/Moderado,0.03125,900012-1
395,G. LUX PASTO,0395-EQUIPOS AUXILIARES,EQUIPOS PARA SERVICIOS INDUSTRIALES,679323,PLANTA ELECTRICA,45169,PLAN MTTO MEC. PLANTA ELEC CATER 679323,13131157,Inspeccion semanal planta electrica,Nivel de agua radiador,PM02,ABIE,2023-10-07 05:00:00,,alto,0.08333333333333333,679323-1
395,G. LUX PASTO,0395-EQUIPOS AUXILIARES,EQUIPOS PARA SERVICIOS INDUSTRIALES,679323,PLANTA ELECTRICA,45169,PLAN MTTO MEC. PLANTA ELEC CATER 679323,13131157,Inspeccion semanal planta electrica,Fuga de agua y aceite,PM02,ABIE,2023-10-07 05:00:00,,alto,0.08333333333333333,679323-1
395,G. LUX PASTO,0395-EQUIPOS AUXILIARES,EQUIPOS PARA SERVICIOS INDUSTRIALES,679323,PLANTA ELECTRICA,45169,PLAN MTTO MEC. PLANTA ELEC CATER 679323,13131157,Inspeccion semanal planta electrica,Nivel de aceite,PM02,ABIE,2023-10-07 05:00:00,,alto,0.08333333333333333,679323-1
395,G. LUX PASTO,0395-EQUIPOS AUXILIARES,EQUIPOS PARA SERVICIOS INDUSTRIALES,679323,PLANTA ELECTRICA,45169,PLAN MTTO MEC. PLANTA ELEC CATER 679323,13131157,Inspeccion semanal planta electrica,Filtros de aire,PM02,ABIE,2023-10-07 05:00:00,,alto,0.08333333333333333,679323-1
395,G. LUX PASTO,0395-EQUIPOS AUXILIARES,EQUIPOS PARA SERVICIOS INDUSTRIALES,679323,PLANTA ELECTRICA,45169,PLAN MTTO MEC. PLANTA ELEC CATER 679323,13131157,Inspeccion semanal planta electrica,Nivel de acpm,PM02,ABIE,2023-10-07 05:00:00,,alto,0.08333333333333333,679323-1
395,G. LUX PASTO,0395-EQUIPOS AUXILIARES,EQUIPOS PARA SERVICIOS INDUSTRIALES,679323,PLANTA ELECTRICA,45169,PLAN MTTO MEC. PLANTA ELEC CATER 679323,13131157,Inspeccion semanal planta electrica,Tablero eléctrico,PM02,ABIE,2023-10-07 05:00:00,,alto,0.08333333333333333,679323-1
395,G. LUX PASTO,0395-EQUIPOS AUXILIARES,EQUIPOS PARA SERVICIOS INDUSTRIALES,679323,PLANTA ELECTRICA,45169,PLAN MTTO MEC. PLANTA ELEC CATER 679323,13131157,Inspeccion semanal planta electrica,Resistencias calentador,PM02,ABIE,2023-10-07 05:00:00,,alto,0.08333333333333333,679323-1
395,G. LUX PASTO,0395-EQUIPOS AUXILIARES,EQUIPOS PARA SERVICIOS INDUSTRIALES,679323,PLANTA ELECTRICA,45169,PLAN MTTO MEC. PLANTA ELEC CATER 679323,13131157,Inspeccion semanal planta electrica,Amperímetros ,PM02,ABIE,2023-10-07 05:00:00,,alto,0.08333333333333333,679323-1
395,G. LUX PASTO,0395-EQUIPOS AUXILIARES,EQUIPOS PARA SERVICIOS INDUSTRIALES,679323,PLANTA ELECTRICA,45169,PLAN MTTO MEC. PLANTA ELEC CATER 679323,13131157,Inspeccion semanal planta electrica,Selectores de la planta,PM02,ABIE,2023-10-07 05:00:00,,alto,0.08333333333333333,679323-1
395,G. LUX PASTO,0395-EQUIPOS AUXILIARES,EQUIPOS PARA SERVICIOS INDUSTRIALES,679323,PLANTA ELECTRICA,45169,PLAN MTTO MEC. PLANTA ELEC CATER 679323,13131157,Inspeccion semanal planta electrica,Purga del tanque de acpm,PM02,ABIE,2023-10-07 05:00:00,,alto,0.08333333333333333,679323-1
395,G. LUX PASTO,0395-EQUIPOS AUXILIARES,EQUIPOS PARA SERVICIOS INDUSTRIALES,679323,PLANTA ELECTRICA,45169,PLAN MTTO MEC. PLANTA ELEC CATER 679323,13131157,Inspeccion semanal planta electrica,Temperatura agua ,PM02,ABIE,2023-10-07 05:00:00,,alto,0.08333333333333333,679323-1
395,G. LUX PASTO,0395-EQUIPOS AUXILIARES,EQUIPOS PARA SERVICIOS INDUSTRIALES,679323,PLANTA ELECTRICA,45169,PLAN MTTO MEC. PLANTA ELEC CATER 679323,13131157,Inspeccion semanal planta electrica,Trampas condensado,PM02,ABIE,2023-10-07 05:00:00,,alto,0.08333333333333333,679323-1
395,G. LUX PASTO,0395-SALA DE JARABES,EQUIPOS PARA  PREPARACION DE JARABE,69962154,FILTRO PRENSA,14426,PLAN MTTO MEC FILTRO PRENSA 69962154,13131123,inspeccion semanal filtro prensa,INSPECCIÓN SEMANAL FILTRO PRENSA,PM02,ABIE,2023-10-07 05:00:00,,medio/Moderado,0.5,69962154-1
395,G. LUX PASTO,0395-SALA DE JARABES,EQUIPOS PARA  PREPARACION DE JARABE,709611,FILTRO PULIDOR,46789,PLAN MTTO FILTRO PULID GASEOSA 709611,13131216,Inspeccion semanal filtro pulidor gaseos,INSPECCIÓN SEMANAL FILTRO PULIDOR,PM02,ABIE,2023-10-07 05:00:00,,medio/Moderado,0.5,709611-1
395,G. LUX PASTO,0395-SALA DE JARABES,EQUIPOS PARA  PREPARACION DE JARABE,69962110,TINA,46534,PLAN MTTO ELEC TINA 6 JAR TER 69962110,13131184,inspeccion semanal tina 1 sala de jarabe,INSPECCIÓN SEMANAL TINA,PM02,ABIE,2023-10-07 05:00:00,,medio/Moderado,0.5,69962110-1
395,G. LUX PASTO,0395-SALA DE JARABES,EQUIPOS PARA  PREPARACION DE JARABE,69962111,TINA,46624,PLAN MTTO ELEC TINA 7 JAR TER 69962111,13124026,inspeccion semanal tina 1 sala de jarabe,INSPECCIÓN SEMANAL TINA,PM02,LIB.,2023-10-02 05:00:00,,medio/Moderado,0.5,69962111-1
395,G. LUX PASTO,0395-SALA DE JARABES,EQUIPOS PARA  PREPARACION DE JARABE,69962112,TINA,46537,PLAN MTTO ELEC TINA 8 JAR TER 69962112,13131185,inspeccion semanal tina 1 sala de jarabe,INSPECCIÓN SEMANAL TINA,PM02,ABIE,2023-10-07 05:00:00,,medio/Moderado,0.5,69962112-1
395,G. LUX PASTO,0395-SALA DE JARABES,EQUIPOS PARA  PREPARACION DE JARABE,69963207,TINA,46549,"PLAN MTTO ELECT. TINA 1, 69963207",13131190,inspeccion semanal tina 1 sala de jarabe,INSPECCIÓN SEMANAL TINA,PM02,ABIE,2023-10-07 05:00:00,,medio/Moderado,0.5,69963207-1
395,G. LUX PASTO,0395-SALA DE JARABES,EQUIPOS PARA  PREPARACION DE JARABE,69963210,TINA,46617,PLAN MTTO ELEC TINA 4 JAR TER 69963210,13131193,inspeccion semanal tina 4 sala de jarabe,INSPECCIÓN SEMANAL TINA,PM02,ABIE,2023-10-07 05:00:00,,medio/Moderado,0.5,69963210-1
395,G. LUX PASTO,0395-EQUIPOS AUXILIARES,EQUIPOS PARA SERVICIOS INDUSTRIALES,638535,CONDENSADOR EVAPORATIVO,14422,PLAN MTTO MEC CONDENSADOR EVAP. 638535,13131122,Inspecion semanal condensador evaporativ,Panel de control,PM02,ABIE,2023-10-07 05:00:00,,medio/Moderado,0.03571428571428571,638535-1
395,G. LUX PASTO,0395-EQUIPOS AUXILIARES,EQUIPOS PARA SERVICIOS INDUSTRIALES,638535,CONDENSADOR EVAPORATIVO,14422,PLAN MTTO MEC CONDENSADOR EVAP. 638535,13131122,Inspecion semanal condensador evaporativ,Boquilla de aspersión agua,PM02,ABIE,2023-10-07 05:00:00,,medio/Moderado,0.03571428571428571,638535-1
395,G. LUX PASTO,0395-EQUIPOS AUXILIARES,EQUIPOS PARA SERVICIOS INDUSTRIALES,638535,CONDENSADOR EVAPORATIVO,14422,PLAN MTTO MEC CONDENSADOR EVAP. 638535,13131122,Inspecion semanal condensador evaporativ,Estructura condensador,PM02,ABIE,2023-10-07 05:00:00,,medio/Moderado,0.03571428571428571,638535-1
395,G. LUX PASTO,0395-EQUIPOS AUXILIARES,EQUIPOS PARA SERVICIOS INDUSTRIALES,638535,CONDENSADOR EVAPORATIVO,14422,PLAN MTTO MEC CONDENSADOR EVAP. 638535,13131122,Inspecion semanal condensador evaporativ,Motobombas,PM02,ABIE,2023-10-07 05:00:00,,medio/Moderado,0.03571428571428571,638535-1
395,G. LUX PASTO,0395-EQUIPOS AUXILIARES,EQUIPOS PARA SERVICIOS INDUSTRIALES,638535,CONDENSADOR EVAPORATIVO,14422,PLAN MTTO MEC CONDENSADOR EVAP. 638535,13131122,Inspecion semanal condensador evaporativ,"Tubería, mangueras y accesorios",PM02,ABIE,2023-10-07 05:00:00,,medio/Moderado,0.03571428571428571,638535-1
395,G. LUX PASTO,0395-EQUIPOS AUXILIARES,EQUIPOS PARA SERVICIOS INDUSTRIALES,638535,CONDENSADOR EVAPORATIVO,14422,PLAN MTTO MEC CONDENSADOR EVAP. 638535,13131122,Inspecion semanal condensador evaporativ,Controles de niveles de agua y amoniaco,PM02,ABIE,2023-10-07 05:00:00,,medio/Moderado,0.03571428571428571,638535-1
395,G. LUX PASTO,0395-EQUIPOS AUXILIARES,EQUIPOS PARA SERVICIOS INDUSTRIALES,638535,CONDENSADOR EVAPORATIVO,14422,PLAN MTTO MEC CONDENSADOR EVAP. 638535,13131122,Inspecion semanal condensador evaporativ,Tablero eléctrico,PM02,ABIE,2023-10-07 05:00:00,,medio/Moderado,0.03571428571428571,638535-1
395,G. LUX PASTO,0395-EQUIPOS AUXILIARES,EQUIPOS PARA SERVICIOS INDUSTRIALES,638535,CONDENSADOR EVAPORATIVO,14422,PLAN MTTO MEC CONDENSADOR EVAP. 638535,13131122,Inspecion semanal condensador evaporativ,Nivel de amoniaco,PM02,ABIE,2023-10-07 05:00:00,,medio/Moderado,0.03571428571428571,638535-1
395,G. LUX PASTO,0395-EQUIPOS AUXILIARES,EQUIPOS PARA SERVICIOS INDUSTRIALES,638535,CONDENSADOR EVAPORATIVO,14422,PLAN MTTO MEC CONDENSADOR EVAP. 638535,13131122,Inspecion semanal condensador evaporativ,Motor ventilador,PM02,ABIE,2023-10-07 05:00:00,,medio/Moderado,0.03571428571428571,638535-1
395,G. LUX PASTO,0395-EQUIPOS AUXILIARES,EQUIPOS PARA SERVICIOS INDUSTRIALES,638535,CONDENSADOR EVAPORATIVO,14422,PLAN MTTO MEC CONDENSADOR EVAP. 638535,13131122,Inspecion semanal condensador evaporativ,Flotador para nivel de agua tanque,PM02,ABIE,2023-10-07 05:00:00,,medio/Moderado,0.03571428571428571,638535-1
395,G. LUX PASTO,0395-EQUIPOS AUXILIARES,EQUIPOS PARA SERVICIOS INDUSTRIALES,638535,CONDENSADOR EVAPORATIVO,14422,PLAN MTTO MEC CONDENSADOR EVAP. 638535,13131122,Inspecion semanal condensador evaporativ,Ventiladores torre de enfriamiento,PM02,ABIE,2023-10-07 05:00:00,,medio/Moderado,0.03571428571428571,638535-1
395,G. LUX PASTO,0395-EQUIPOS AUXILIARES,EQUIPOS PARA SERVICIOS INDUSTRIALES,638535,CONDENSADOR EVAPORATIVO,14422,PLAN MTTO MEC CONDENSADOR EVAP. 638535,13131122,Inspecion semanal condensador evaporativ,Motores de los ventiladores,PM02,ABIE,2023-10-07 05:00:00,,medio/Moderado,0.03571428571428571,638535-1
395,G. LUX PASTO,0395-EQUIPOS AUXILIARES,EQUIPOS PARA SERVICIOS INDUSTRIALES,638535,CONDENSADOR EVAPORATIVO,14422,PLAN MTTO MEC CONDENSADOR EVAP. 638535,13131122,Inspecion semanal condensador evaporativ,Flotador y nivel de agua,PM02,ABIE,2023-10-07 05:00:00,,medio/Moderado,0.03571428571428571,638535-1
395,G. LUX PASTO,0395-EQUIPOS AUXILIARES,EQUIPOS PARA SERVICIOS INDUSTRIALES,638535,CONDENSADOR EVAPORATIVO,14422,PLAN MTTO MEC CONDENSADOR EVAP. 638535,13131122,Inspecion semanal condensador evaporativ,Estructura torre de enfriamiento,PM02,ABIE,2023-10-07 05:00:00,,medio/Moderado,0.03571428571428571,638535-1
395,G. LUX PASTO,0395-AGUAS RESIDUALES  GASEOSA,TRATAMIENTO DE AGUAS DE DESECHO GASEOSAS,710082,PLANTA AGUAS RESIDUALES AZUCARADAS,14459,PLAN MTTO MEC. AG. RESI AZUC. 7100282,13123887,inspeccion semanal sistema electrico,Estructura y pintura tanques principales,PM02,LIB.,2023-10-02 05:00:00,,medio/Moderado,0.02941176470588235,710082-1
395,G. LUX PASTO,0395-AGUAS RESIDUALES  GASEOSA,TRATAMIENTO DE AGUAS DE DESECHO GASEOSAS,710082,PLANTA AGUAS RESIDUALES AZUCARADAS,14459,PLAN MTTO MEC. AG. RESI AZUC. 7100282,13123887,inspeccion semanal sistema electrico,"Fuga en tuberías de agua, Co2, gas propano",PM02,LIB.,2023-10-02 05:00:00,,medio/Moderado,0.02941176470588235,710082-1
395,G. LUX PASTO,0395-AGUAS RESIDUALES  GASEOSA,TRATAMIENTO DE AGUAS DE DESECHO GASEOSAS,710082,PLANTA AGUAS RESIDUALES AZUCARADAS,14459,PLAN MTTO MEC. AG. RESI AZUC. 7100282,13123887,inspeccion semanal sistema electrico,Compuerta azucarados,PM02,LIB.,2023-10-02 05:00:00,,medio/Moderado,0.02941176470588235,710082-1
395,G. LUX PASTO,0395-AGUAS RESIDUALES  GASEOSA,TRATAMIENTO DE AGUAS DE DESECHO GASEOSAS,710082,PLANTA AGUAS RESIDUALES AZUCARADAS,14459,PLAN MTTO MEC. AG. RESI AZUC. 7100282,13123887,inspeccion semanal sistema electrico,Válvulas manuales y solenoides  ,PM02,LIB.,2023-10-02 05:00:00,,medio/Moderado,0.02941176470588235,710082-1
395,G. LUX PASTO,0395-AGUAS RESIDUALES  GASEOSA,TRATAMIENTO DE AGUAS DE DESECHO GASEOSAS,710082,PLANTA AGUAS RESIDUALES AZUCARADAS,14459,PLAN MTTO MEC. AG. RESI AZUC. 7100282,13123887,inspeccion semanal sistema electrico,Caudalometro Co2,PM02,LIB.,2023-10-02 05:00:00,,medio/Moderado,0.02941176470588235,710082-1
395,G. LUX PASTO,0395-AGUAS RESIDUALES  GASEOSA,TRATAMIENTO DE AGUAS DE DESECHO GASEOSAS,710082,PLANTA AGUAS RESIDUALES AZUCARADAS,14459,PLAN MTTO MEC. AG. RESI AZUC. 7100282,13123887,inspeccion semanal sistema electrico,Ruido vibración  y calentamiento en motobombas,PM02,LIB.,2023-10-02 05:00:00,,medio/Moderado,0.02941176470588235,710082-1
395,G. LUX PASTO,0395-AGUAS RESIDUALES  GASEOSA,TRATAMIENTO DE AGUAS DE DESECHO GASEOSAS,710082,PLANTA AGUAS RESIDUALES AZUCARADAS,14459,PLAN MTTO MEC. AG. RESI AZUC. 7100282,13123887,inspeccion semanal sistema electrico,quemador,PM02,LIB.,2023-10-02 05:00:00,,medio/Moderado,0.02941176470588235,710082-1
395,G. LUX PASTO,0395-AGUAS RESIDUALES  GASEOSA,TRATAMIENTO DE AGUAS DE DESECHO GASEOSAS,710082,PLANTA AGUAS RESIDUALES AZUCARADAS,14459,PLAN MTTO MEC. AG. RESI AZUC. 7100282,13123887,inspeccion semanal sistema electrico,Tablero electrico,PM02,LIB.,2023-10-02 05:00:00,,medio/Moderado,0.02941176470588235,710082-1
395,G. LUX PASTO,0395-AGUAS RESIDUALES  GASEOSA,TRATAMIENTO DE AGUAS DE DESECHO GASEOSAS,710082,PLANTA AGUAS RESIDUALES AZUCARADAS,14459,PLAN MTTO MEC. AG. RESI AZUC. 7100282,13123887,inspeccion semanal sistema electrico,Peachimetro,PM02,LIB.,2023-10-02 05:00:00,,medio/Moderado,0.02941176470588235,710082-1
395,G. LUX PASTO,0395-AGUAS RESIDUALES  GASEOSA,TRATAMIENTO DE AGUAS DE DESECHO GASEOSAS,710082,PLANTA AGUAS RESIDUALES AZUCARADAS,14459,PLAN MTTO MEC. AG. RESI AZUC. 7100282,13123887,inspeccion semanal sistema electrico,Manguera nivel tanque ,PM02,LIB.,2023-10-02 05:00:00,,medio/Moderado,0.02941176470588235,710082-1
395,G. LUX PASTO,0395-AGUAS RESIDUALES  GASEOSA,TRATAMIENTO DE AGUAS DE DESECHO GASEOSAS,710082,PLANTA AGUAS RESIDUALES AZUCARADAS,14459,PLAN MTTO MEC. AG. RESI AZUC. 7100282,13123887,inspeccion semanal sistema electrico,Quemador,PM02,LIB.,2023-10-02 05:00:00,,medio/Moderado,0.02941176470588235,710082-1
395,G. LUX PASTO,0395-AGUAS RESIDUALES  GASEOSA,TRATAMIENTO DE AGUAS DE DESECHO GASEOSAS,710082,PLANTA AGUAS RESIDUALES AZUCARADAS,14459,PLAN MTTO MEC. AG. RESI AZUC. 7100282,13123887,inspeccion semanal sistema electrico,Tina calentamiento ,PM02,LIB.,2023-10-02 05:00:00,,medio/Moderado,0.02941176470588235,710082-1
395,G. LUX PASTO,0395-AGUAS RESIDUALES  GASEOSA,TRATAMIENTO DE AGUAS DE DESECHO GASEOSAS,710082,PLANTA AGUAS RESIDUALES AZUCARADAS,14459,PLAN MTTO MEC. AG. RESI AZUC. 7100282,13123887,inspeccion semanal sistema electrico,Serpentín tanque de alcalinos,PM02,LIB.,2023-10-02 05:00:00,,medio/Moderado,0.02941176470588235,710082-1
395,G. LUX PASTO,0395-AGUAS RESIDUALES  GASEOSA,TRATAMIENTO DE AGUAS DE DESECHO GASEOSAS,710082,PLANTA AGUAS RESIDUALES AZUCARADAS,14459,PLAN MTTO MEC. AG. RESI AZUC. 7100282,13123887,inspeccion semanal sistema electrico,Manómetros y control temperatura,PM02,LIB.,2023-10-02 05:00:00,,medio/Moderado,0.02941176470588235,710082-1
395,G. LUX PASTO,0395-AGUAS RESIDUALES  GASEOSA,TRATAMIENTO DE AGUAS DE DESECHO GASEOSAS,710082,PLANTA AGUAS RESIDUALES AZUCARADAS,14459,PLAN MTTO MEC. AG. RESI AZUC. 7100282,13123887,inspeccion semanal sistema electrico,"Bombas dosificadoras de micro, macro y soda caustica.",PM02,LIB.,2023-10-02 05:00:00,,medio/Moderado,0.02941176470588235,710082-1
395,G. LUX PASTO,0395-AGUAS RESIDUALES  GASEOSA,TRATAMIENTO DE AGUAS DE DESECHO GASEOSAS,710082,PLANTA AGUAS RESIDUALES AZUCARADAS,14459,PLAN MTTO MEC. AG. RESI AZUC. 7100282,13123887,inspeccion semanal sistema electrico,Tanques de soluciones,PM02,LIB.,2023-10-02 05:00:00,,medio/Moderado,0.02941176470588235,710082-1
395,G. LUX PASTO,0395-AGUAS RESIDUALES  GASEOSA,TRATAMIENTO DE AGUAS DE DESECHO GASEOSAS,710082,PLANTA AGUAS RESIDUALES AZUCARADAS,14459,PLAN MTTO MEC. AG. RESI AZUC. 7100282,13123887,inspeccion semanal sistema electrico,Gabinetes laboratorio,PM02,LIB.,2023-10-02 05:00:00,,medio/Moderado,0.02941176470588235,710082-1
395,G. LUX PASTO,0395-AGUAS RESIDUALES  GASEOSA,TRATAMIENTO DE AGUAS DE DESECHO GASEOSAS,71008201,TANQUE  SEDIMENTADOR AGUAS ALCALINAS,46729,PLAN MTTO MEC SEDIM AGU ALCALI 71008201,13131211,inspeccion semanal bomba resirculacion,Tanque sedimentador aguas alcalinas,PM02,ABIE,2023-10-07 05:00:00,,medio/Moderado,0.5,71008201-1
395,G. LUX PASTO,0395-LINEA BOTELLON 20 LTS,LINEA DE PRODUCCION DE BOTELLONES DE 20,71013201,CODIFICADOR DE BOLSAS,28841,PLAN MTTO CODIR VIDEO JE 20 LT. 71013201,13131130,inspeccion semanal codificador Botellone,Panel de control,PM02,ABIE,2023-10-07 05:00:00,,medio/Moderado,0.04166666666666666,71013201-1
395,G. LUX PASTO,0395-LINEA BOTELLON 20 LTS,LINEA DE PRODUCCION DE BOTELLONES DE 20,71013201,CODIFICADOR DE BOLSAS,28841,PLAN MTTO CODIR VIDEO JE 20 LT. 71013201,13131130,inspeccion semanal codificador Botellone,Boquilla de impresión,PM02,ABIE,2023-10-07 05:00:00,,medio/Moderado,0.04166666666666666,71013201-1
395,G. LUX PASTO,0395-LINEA BOTELLON 20 LTS,LINEA DE PRODUCCION DE BOTELLONES DE 20,71013201,CODIFICADOR DE BOLSAS,28841,PLAN MTTO CODIR VIDEO JE 20 LT. 71013201,13131130,inspeccion semanal codificador Botellone,Boquillas de aire,PM02,ABIE,2023-10-07 05:00:00,,medio/Moderado,0.04166666666666666,71013201-1
395,G. LUX PASTO,0395-LINEA BOTELLON 20 LTS,LINEA DE PRODUCCION DE BOTELLONES DE 20,71013201,CODIFICADOR DE BOLSAS,28841,PLAN MTTO CODIR VIDEO JE 20 LT. 71013201,13131130,inspeccion semanal codificador Botellone,Nivel de tinta y disolvente,PM02,ABIE,2023-10-07 05:00:00,,medio/Moderado,0.04166666666666666,71013201-1
395,G. LUX PASTO,0395-LINEA BOTELLON 20 LTS,LINEA DE PRODUCCION DE BOTELLONES DE 20,71013201,CODIFICADOR DE BOLSAS,28841,PLAN MTTO CODIR VIDEO JE 20 LT. 71013201,13131130,inspeccion semanal codificador Botellone,"Tubería, mangueras y accesorios",PM02,ABIE,2023-10-07 05:00:00,,medio/Moderado,0.04166666666666666,71013201-1
395,G. LUX PASTO,0395-LINEA BOTELLON 20 LTS,LINEA DE PRODUCCION DE BOTELLONES DE 20,71013201,CODIFICADOR DE BOLSAS,28841,PLAN MTTO CODIR VIDEO JE 20 LT. 71013201,13131130,inspeccion semanal codificador Botellone,Sensor inductivo,PM02,ABIE,2023-10-07 05:00:00,,medio/Moderado,0.04166666666666666,71013201-1
395,G. LUX PASTO,0395-LINEA BOTELLON 20 LTS,LINEA DE PRODUCCION DE BOTELLONES DE 20,71013201,CODIFICADOR DE BOLSAS,28841,PLAN MTTO CODIR VIDEO JE 20 LT. 71013201,13131130,inspeccion semanal codificador Botellone,Soportes y estructura codificador,PM02,ABIE,2023-10-07 05:00:00,,medio/Moderado,0.04166666666666666,71013201-1
395,G. LUX PASTO,0395-LINEA BOTELLON 20 LTS,LINEA DE PRODUCCION DE BOTELLONES DE 20,71013201,CODIFICADOR DE BOLSAS,28841,PLAN MTTO CODIR VIDEO JE 20 LT. 71013201,13131130,inspeccion semanal codificador Botellone,Control temperatura de resistencia,PM02,ABIE,2023-10-07 05:00:00,,medio/Moderado,0.04166666666666666,71013201-1
395,G. LUX PASTO,0395-LINEA BOTELLON 20 LTS,LINEA DE PRODUCCION DE BOTELLONES DE 20,71013201,CODIFICADOR DE BOLSAS,28841,PLAN MTTO CODIR VIDEO JE 20 LT. 71013201,13131130,inspeccion semanal codificador Botellone,Presión suministro de aire boquillas,PM02,ABIE,2023-10-07 05:00:00,,medio/Moderado,0.04166666666666666,71013201-1
395,G. LUX PASTO,0395-LINEA BOTELLON 20 LTS,LINEA DE PRODUCCION DE BOTELLONES DE 20,71013201,CODIFICADOR DE BOLSAS,28841,PLAN MTTO CODIR VIDEO JE 20 LT. 71013201,13131130,inspeccion semanal codificador Botellone,Impresión botella,PM02,ABIE,2023-10-07 05:00:00,,medio/Moderado,0.04166666666666666,71013201-1
395,G. LUX PASTO,0395-LINEA BOTELLON 20 LTS,LINEA DE PRODUCCION DE BOTELLONES DE 20,71013201,CODIFICADOR DE BOLSAS,28841,PLAN MTTO CODIR VIDEO JE 20 LT. 71013201,13131130,inspeccion semanal codificador Botellone,Cinta codificadora,PM02,ABIE,2023-10-07 05:00:00,,medio/Moderado,0.04166666666666666,71013201-1
395,G. LUX PASTO,0395-LINEA BOTELLON 20 LTS,LINEA DE PRODUCCION DE BOTELLONES DE 20,71013201,CODIFICADOR DE BOLSAS,28841,PLAN MTTO CODIR VIDEO JE 20 LT. 71013201,13131130,inspeccion semanal codificador Botellone,Sistema eléctrico,PM02,ABIE,2023-10-07 05:00:00,,medio/Moderado,0.04166666666666666,71013201-1
395,G. LUX PASTO,0395-LINEA BOTELLON 20 LTS,LINEA DE PRODUCCION DE BOTELLONES DE 20,659400,CALDERIN,46836,PLAN MTTO MEC CALDERIN PETAR 659400,13131242,inspeccion semanal calderin petar,INSPECCIÓN SEMANAL CALDERIN,PM02,ABIE,2023-10-07 05:00:00,,medio/Moderado,0.5,659400-1
395,G. LUX PASTO,0395-LINEA DE BOLSAS,LINEA PARA EL LLENADO DE BOLSAS,710218,LLENADORA DE BOLSAS LINEA 3,45369,PLAN MTTO MEC LLEN 360ml SOLPAC 710218,13131175,inspeccion semanal llenadora solpak 360,INSPECCIÓN SEMANAL LLENADORA DE BOLSAS LINEA 3,PM02,ABIE,2023-10-07 05:00:00,,medio/Moderado,1,710218-1
395,G. LUX PASTO,0395-LINEA BOTELLON 20 LTS,LINEA DE PRODUCCION DE BOTELLONES DE 20,710159,PORTAPLANTA BOTELLON 20 LTS,45402,PLAN MTTO MEC LLENAD BOTELLONES 710159,13131177,Inspeccion semanal llend. Botellones,INSPECCIÓN SEMANAL PORTAPLANTA BOTELLON 20 LTS,PM02,ABIE,2023-10-07 05:00:00,,medio/Moderado,1,710159-1
395,G. LUX PASTO,0395-EQUIPOS AUXILIARES,EQUIPOS PARA SERVICIOS INDUSTRIALES,769910,REDES DE COMUNICACIONES,22921,PLAN MTTO REDES DE COMUNICACIÓN 769910,13131128,inspeccion semanal redes comunicacion,INSPECCIÓN SEMANAL REDES DE COMUNICACIONES,PM02,ABIE,2023-10-07 05:00:00,,medio/Moderado,1.5,769910-1
395,G. LUX PASTO,0395-EQUIPOS AUXILIARES,EQUIPOS PARA SERVICIOS INDUSTRIALES,689621,REDES HIDRAULICAS Y NEUMATICAS,46788,PLAN MTTO MEC RED HIDR. Y NEUMAT 689621,13131214,inspeccion semanal redes hidraul. y neum,INSPECCIÓN SEMANAL REDES HIDRAULICAS Y NEUMATICAS,PM02,ABIE,2023-10-07 05:00:00,,medio/Moderado,0.5,689621-1
395,G. LUX PASTO,0395-EQUIPOS AUXILIARES,EQUIPOS PARA SERVICIOS INDUSTRIALES,74000601,SUBESTACION ELECTRICA,21850,PLAN MTTO SUBESTA ELECTRI BAJA 74000601,13131127,inspeccion semanal subestacion electrica,INSPECCIÓN SEMANAL SUBESTACION ELECTRICA,PM02,ABIE,2023-10-07 05:00:00,,alto,1,74000601-1
395,G. LUX PASTO,0395-TALLER MANTTO PLANTA,TALLER  MANTENIMIENTO  EQUIPOS DE PLANTA,207014,TALLER INDUSTRIAL MANTENIMIENTO PLANTA,45164,PLAN MTTO MEC TALLER INDUSTRIAL 207014,13131153,inspeccion semanal taller industrial,INSPECCIÓN SEMANAL TALLER INDUSTRIAL MANTENIMIENTO PLANTA,PM02,ABIE,2023-10-07 05:00:00,,,0.1,207014-1
395,G. LUX PASTO,0395-TALLER MANTTO PLANTA,TALLER  MANTENIMIENTO  EQUIPOS DE PLANTA,20701402,TALLER UTILES DE ASEO,46825,PLAN MTTO ELEMENT ASEO TALLER 20701402,13124050,inspeccion semanal utiles de aseo,INSPECCIÓN SEMANAL TALLER UTILES DE ASEO,PM02,LIB.,2023-10-02 05:00:00,,medio/Moderado,0.5,20701402-1
395,G. LUX PASTO,0395-EQUIPOS AUXILIARES,EQUIPOS PARA SERVICIOS INDUSTRIALES,709711,TANQUE DE SODA CAUSTICA,46665,PLAN MTTO MECA TANQUE SODA. 709711,13124032,inspeccion semanal tanque soda caustica,INSPECCIÓN SEMANAL TANQUE DE SODA CAUSTICA,PM02,LIB.,2023-10-02 05:00:00,,medio/Moderado,0.1,709711-1
395,G. LUX PASTO,0395-EQUIPOS AUXILIARES,EQUIPOS PARA SERVICIOS INDUSTRIALES,709912,TANQUE Y BASCULA DE CO2,46827,PLAN MTTO MEC TK Y BASCULA CO2 709912,13131229,Inspeccion semanal tanque co2,INSPECCIÓN SEMANAL TANQUE Y BASCULA DE CO2,PM02,ABIE,2023-10-07 05:00:00,,medio/Moderado,0.5,709912-1
395,G. LUX PASTO,0395-EQUIPOS AUXILIARES,EQUIPOS PARA SERVICIOS INDUSTRIALES,659614,TANQUES DE COMBUSTIBLE,14471,PLAN MTTO MEC TK COMBUSTIBLE 659614,13123889,inspeccion semanal tanque de combustible,INSPECCIÓN SEMANAL TANQUES DE COMBUSTIBLE,PM02,LIB.,2023-10-02 05:00:00,,medio/Moderado,0.5,659614-1
395,G. LUX PASTO,0395-EQUIPOS AUXILIARES,EQUIPOS PARA SERVICIOS INDUSTRIALES,660015,TORRE DE ENFRIAMIENTO,45195,PLAN MTTO MECATORRE DE ENFRI.660015,13131166,inspeccion semanal torre de enfriamiento,INSPECCIÓN SEMANAL TORRE DE ENFRIAMIENTO,PM02,ABIE,2023-10-10 05:00:00,,medio/Moderado,1,660015-1
395,G. LUX PASTO,0395-SALA DE JARABES,EQUIPOS PARA  PREPARACION DE JARABE,709951,SKID DISOLUCION EN CALIENTE,46834,PLAN MTTO MEC DISOLUTOR 709951,13131241,Inspeccion semanal,INSPECCIÓN SEMANAL SKID DISOLUCION EN CALIENTE,PM02,ABIE,2023-10-07 05:00:00,,medio/Moderado,0.5,709951-1
395,G. LUX PASTO,0395-LINEA DE BOLSAS,LINEA PARA EL LLENADO DE BOLSAS,70947405,UNIDAD UV,45197,PLAN MTTO UV SALA DE AGUAS 70947405,13131169,inspeccion semanal lampara uv agua,INSPECCIÓN SEMANAL UNIDAD UV,PM02,ABIE,2023-10-10 05:00:00,,medio/Moderado,0.5,70947405-1
395,G. LUX PASTO,0395-EQUIPOS AUXILIARES,EQUIPOS PARA SERVICIOS INDUSTRIALES,628871,COMPRESOR DE REFRIGERACION,45023,"PLAN MTTO MEC COMPRESOR REFRIG 1, 628871",13131131,Inspeccion semanal copresor refrigeracio,Nivel de aceite,PM02,ABIE,2023-10-07 05:00:00,,medio/Moderado,0.03846153846153846,628871-2
395,G. LUX PASTO,0395-EQUIPOS AUXILIARES,EQUIPOS PARA SERVICIOS INDUSTRIALES,628871,COMPRESOR DE REFRIGERACION,45023,"PLAN MTTO MEC COMPRESOR REFRIG 1, 628871",13131131,Inspeccion semanal copresor refrigeracio,"Fugas de agua, amoniaco",PM02,ABIE,2023-10-07 05:00:00,,medio/Moderado,0.03846153846153846,628871-2
395,G. LUX PASTO,0395-EQUIPOS AUXILIARES,EQUIPOS PARA SERVICIOS INDUSTRIALES,628871,COMPRESOR DE REFRIGERACION,45023,"PLAN MTTO MEC COMPRESOR REFRIG 1, 628871",13131131,Inspeccion semanal copresor refrigeracio,Presión de succión,PM02,ABIE,2023-10-07 05:00:00,,medio/Moderado,0.03846153846153846,628871-2
395,G. LUX PASTO,0395-EQUIPOS AUXILIARES,EQUIPOS PARA SERVICIOS INDUSTRIALES,628871,COMPRESOR DE REFRIGERACION,45023,"PLAN MTTO MEC COMPRESOR REFRIG 1, 628871",13131131,Inspeccion semanal copresor refrigeracio,Nivel de amoniaco  ,PM02,ABIE,2023-10-07 05:00:00,,medio/Moderado,0.03846153846153846,628871-2
395,G. LUX PASTO,0395-EQUIPOS AUXILIARES,EQUIPOS PARA SERVICIOS INDUSTRIALES,628871,COMPRESOR DE REFRIGERACION,45023,"PLAN MTTO MEC COMPRESOR REFRIG 1, 628871",13131131,Inspeccion semanal copresor refrigeracio,Controladores penn,PM02,ABIE,2023-10-07 05:00:00,,medio/Moderado,0.03846153846153846,628871-2
395,G. LUX PASTO,0395-EQUIPOS AUXILIARES,EQUIPOS PARA SERVICIOS INDUSTRIALES,628871,COMPRESOR DE REFRIGERACION,45023,"PLAN MTTO MEC COMPRESOR REFRIG 1, 628871",13131131,Inspeccion semanal copresor refrigeracio,Ruido vibración  y calentamiento motores,PM02,ABIE,2023-10-07 05:00:00,,medio/Moderado,0.03846153846153846,628871-2
395,G. LUX PASTO,0395-EQUIPOS AUXILIARES,EQUIPOS PARA SERVICIOS INDUSTRIALES,628871,COMPRESOR DE REFRIGERACION,45023,"PLAN MTTO MEC COMPRESOR REFRIG 1, 628871",13131131,Inspeccion semanal copresor refrigeracio,Temperatura de aceite,PM02,ABIE,2023-10-07 05:00:00,,medio/Moderado,0.03846153846153846,628871-2
395,G. LUX PASTO,0395-EQUIPOS AUXILIARES,EQUIPOS PARA SERVICIOS INDUSTRIALES,628871,COMPRESOR DE REFRIGERACION,45023,"PLAN MTTO MEC COMPRESOR REFRIG 1, 628871",13131131,Inspeccion semanal copresor refrigeracio,Motobomba y presión de agua,PM02,ABIE,2023-10-07 05:00:00,,medio/Moderado,0.03846153846153846,628871-2
395,G. LUX PASTO,0395-EQUIPOS AUXILIARES,EQUIPOS PARA SERVICIOS INDUSTRIALES,628871,COMPRESOR DE REFRIGERACION,45023,"PLAN MTTO MEC COMPRESOR REFRIG 1, 628871",13131131,Inspeccion semanal copresor refrigeracio,Tablero eléctrico,PM02,ABIE,2023-10-07 05:00:00,,medio/Moderado,0.03846153846153846,628871-2
395,G. LUX PASTO,0395-EQUIPOS AUXILIARES,EQUIPOS PARA SERVICIOS INDUSTRIALES,628871,COMPRESOR DE REFRIGERACION,45023,"PLAN MTTO MEC COMPRESOR REFRIG 1, 628871",13131131,Inspeccion semanal copresor refrigeracio, Guardas de protección,PM02,ABIE,2023-10-07 05:00:00,,medio/Moderado,0.03846153846153846,628871-2
395,G. LUX PASTO,0395-EQUIPOS AUXILIARES,EQUIPOS PARA SERVICIOS INDUSTRIALES,628871,COMPRESOR DE REFRIGERACION,45023,"PLAN MTTO MEC COMPRESOR REFRIG 1, 628871",13131131,Inspeccion semanal copresor refrigeracio,Estructura de los equipos,PM02,ABIE,2023-10-07 05:00:00,,medio/Moderado,0.03846153846153846,628871-2
395,G. LUX PASTO,0395-EQUIPOS AUXILIARES,EQUIPOS PARA SERVICIOS INDUSTRIALES,628871,COMPRESOR DE REFRIGERACION,45023,"PLAN MTTO MEC COMPRESOR REFRIG 1, 628871",13131131,Inspeccion semanal copresor refrigeracio,Estado de válvulas,PM02,ABIE,2023-10-07 05:00:00,,medio/Moderado,0.03846153846153846,628871-2
395,G. LUX PASTO,0395-EQUIPOS AUXILIARES,EQUIPOS PARA SERVICIOS INDUSTRIALES,628871,COMPRESOR DE REFRIGERACION,45023,"PLAN MTTO MEC COMPRESOR REFRIG 1, 628871",13131131,Inspeccion semanal copresor refrigeracio,Instrumentos de medida,PM02,ABIE,2023-10-07 05:00:00,,medio/Moderado,0.03846153846153846,628871-2
395,G. LUX PASTO,0395-EQUIPOS AUXILIARES,EQUIPOS PARA SERVICIOS INDUSTRIALES,628973,COMPRESOR DE REFRIGERACION,45030,"PLAN MTTO MEC COMPR REFRIGE 3, 628973",13131135,Inspeccion semanal copresor refrigeracio,Nivel de aceite,PM02,ABIE,2023-10-10 05:00:00,,medio/Moderado,0.03846153846153846,628973-2
395,G. LUX PASTO,0395-EQUIPOS AUXILIARES,EQUIPOS PARA SERVICIOS INDUSTRIALES,628973,COMPRESOR DE REFRIGERACION,45030,"PLAN MTTO MEC COMPR REFRIGE 3, 628973",13131135,Inspeccion semanal copresor refrigeracio,"Fugas de agua, amoniaco",PM02,ABIE,2023-10-10 05:00:00,,medio/Moderado,0.03846153846153846,628973-2
395,G. LUX PASTO,0395-EQUIPOS AUXILIARES,EQUIPOS PARA SERVICIOS INDUSTRIALES,628973,COMPRESOR DE REFRIGERACION,45030,"PLAN MTTO MEC COMPR REFRIGE 3, 628973",13131135,Inspeccion semanal copresor refrigeracio,Presión de succión,PM02,ABIE,2023-10-10 05:00:00,,medio/Moderado,0.03846153846153846,628973-2
395,G. LUX PASTO,0395-EQUIPOS AUXILIARES,EQUIPOS PARA SERVICIOS INDUSTRIALES,628973,COMPRESOR DE REFRIGERACION,45030,"PLAN MTTO MEC COMPR REFRIGE 3, 628973",13131135,Inspeccion semanal copresor refrigeracio,Nivel de amoniaco  ,PM02,ABIE,2023-10-10 05:00:00,,medio/Moderado,0.03846153846153846,628973-2
395,G. LUX PASTO,0395-EQUIPOS AUXILIARES,EQUIPOS PARA SERVICIOS INDUSTRIALES,628973,COMPRESOR DE REFRIGERACION,45030,"PLAN MTTO MEC COMPR REFRIGE 3, 628973",13131135,Inspeccion semanal copresor refrigeracio,Controladores penn,PM02,ABIE,2023-10-10 05:00:00,,medio/Moderado,0.03846153846153846,628973-2
395,G. LUX PASTO,0395-EQUIPOS AUXILIARES,EQUIPOS PARA SERVICIOS INDUSTRIALES,628973,COMPRESOR DE REFRIGERACION,45030,"PLAN MTTO MEC COMPR REFRIGE 3, 628973",13131135,Inspeccion semanal copresor refrigeracio,Ruido vibración  y calentamiento motores,PM02,ABIE,2023-10-10 05:00:00,,medio/Moderado,0.03846153846153846,628973-2
395,G. LUX PASTO,0395-EQUIPOS AUXILIARES,EQUIPOS PARA SERVICIOS INDUSTRIALES,628973,COMPRESOR DE REFRIGERACION,45030,"PLAN MTTO MEC COMPR REFRIGE 3, 628973",13131135,Inspeccion semanal copresor refrigeracio,Temperatura de aceite,PM02,ABIE,2023-10-10 05:00:00,,medio/Moderado,0.03846153846153846,628973-2
395,G. LUX PASTO,0395-EQUIPOS AUXILIARES,EQUIPOS PARA SERVICIOS INDUSTRIALES,628973,COMPRESOR DE REFRIGERACION,45030,"PLAN MTTO MEC COMPR REFRIGE 3, 628973",13131135,Inspeccion semanal copresor refrigeracio,Motobomba y presión de agua,PM02,ABIE,2023-10-10 05:00:00,,medio/Moderado,0.03846153846153846,628973-2
395,G. LUX PASTO,0395-EQUIPOS AUXILIARES,EQUIPOS PARA SERVICIOS INDUSTRIALES,628973,COMPRESOR DE REFRIGERACION,45030,"PLAN MTTO MEC COMPR REFRIGE 3, 628973",13131135,Inspeccion semanal copresor refrigeracio,Tablero eléctrico,PM02,ABIE,2023-10-10 05:00:00,,medio/Moderado,0.03846153846153846,628973-2
395,G. LUX PASTO,0395-EQUIPOS AUXILIARES,EQUIPOS PARA SERVICIOS INDUSTRIALES,628973,COMPRESOR DE REFRIGERACION,45030,"PLAN MTTO MEC COMPR REFRIGE 3, 628973",13131135,Inspeccion semanal copresor refrigeracio, Guardas de protección,PM02,ABIE,2023-10-10 05:00:00,,medio/Moderado,0.03846153846153846,628973-2
395,G. LUX PASTO,0395-EQUIPOS AUXILIARES,EQUIPOS PARA SERVICIOS INDUSTRIALES,628973,COMPRESOR DE REFRIGERACION,45030,"PLAN MTTO MEC COMPR REFRIGE 3, 628973",13131135,Inspeccion semanal copresor refrigeracio,Estructura de los equipos,PM02,ABIE,2023-10-10 05:00:00,,medio/Moderado,0.03846153846153846,628973-2
395,G. LUX PASTO,0395-EQUIPOS AUXILIARES,EQUIPOS PARA SERVICIOS INDUSTRIALES,628973,COMPRESOR DE REFRIGERACION,45030,"PLAN MTTO MEC COMPR REFRIGE 3, 628973",13131135,Inspeccion semanal copresor refrigeracio,Estado de válvulas,PM02,ABIE,2023-10-10 05:00:00,,medio/Moderado,0.03846153846153846,628973-2
395,G. LUX PASTO,0395-EQUIPOS AUXILIARES,EQUIPOS PARA SERVICIOS INDUSTRIALES,628973,COMPRESOR DE REFRIGERACION,45030,"PLAN MTTO MEC COMPR REFRIGE 3, 628973",13131135,Inspeccion semanal copresor refrigeracio,Instrumentos de medida,PM02,ABIE,2023-10-10 05:00:00,,medio/Moderado,0.03846153846153846,628973-2
395,G. LUX PASTO,0395-LINEA 1,"LINEA DE ENVASADO 12ONZ  8,5ONZ  1.25 l",558083,DESEMPACADORA,45143,PLAN MTTO MEC. DESEMPACADORA 558083,13123925,Inspeccion semanal desempacadora,Mangueras y copas,PM02,LIB.,2023-10-02 05:00:00,,bajo/Medio,0.05555555555555555,558083-2
395,G. LUX PASTO,0395-LINEA 1,"LINEA DE ENVASADO 12ONZ  8,5ONZ  1.25 l",558083,DESEMPACADORA,45143,PLAN MTTO MEC. DESEMPACADORA 558083,13123925,Inspeccion semanal desempacadora,"Fuga de agua, aire, ",PM02,LIB.,2023-10-02 05:00:00,,bajo/Medio,0.05555555555555555,558083-2
395,G. LUX PASTO,0395-LINEA 1,"LINEA DE ENVASADO 12ONZ  8,5ONZ  1.25 l",558083,DESEMPACADORA,45143,PLAN MTTO MEC. DESEMPACADORA 558083,13123925,Inspeccion semanal desempacadora,Tubo colector,PM02,LIB.,2023-10-02 05:00:00,,bajo/Medio,0.05555555555555555,558083-2
395,G. LUX PASTO,0395-LINEA 1,"LINEA DE ENVASADO 12ONZ  8,5ONZ  1.25 l",558083,DESEMPACADORA,45143,PLAN MTTO MEC. DESEMPACADORA 558083,13123925,Inspeccion semanal desempacadora,Aceite en cajas reductoras,PM02,LIB.,2023-10-02 05:00:00,,bajo/Medio,0.05555555555555555,558083-2
395,G. LUX PASTO,0395-LINEA 1,"LINEA DE ENVASADO 12ONZ  8,5ONZ  1.25 l",558083,DESEMPACADORA,45143,PLAN MTTO MEC. DESEMPACADORA 558083,13123925,Inspeccion semanal desempacadora,Chumaceras y cadenas,PM02,LIB.,2023-10-02 05:00:00,,bajo/Medio,0.05555555555555555,558083-2
395,G. LUX PASTO,0395-LINEA 1,"LINEA DE ENVASADO 12ONZ  8,5ONZ  1.25 l",558083,DESEMPACADORA,45143,PLAN MTTO MEC. DESEMPACADORA 558083,13123925,Inspeccion semanal desempacadora,Ruido vibración  y calentamiento motores,PM02,LIB.,2023-10-02 05:00:00,,bajo/Medio,0.05555555555555555,558083-2
395,G. LUX PASTO,0395-LINEA 1,"LINEA DE ENVASADO 12ONZ  8,5ONZ  1.25 l",558083,DESEMPACADORA,45143,PLAN MTTO MEC. DESEMPACADORA 558083,13123925,Inspeccion semanal desempacadora,Brazos principales,PM02,LIB.,2023-10-02 05:00:00,,bajo/Medio,0.05555555555555555,558083-2
395,G. LUX PASTO,0395-LINEA 1,"LINEA DE ENVASADO 12ONZ  8,5ONZ  1.25 l",558083,DESEMPACADORA,45143,PLAN MTTO MEC. DESEMPACADORA 558083,13123925,Inspeccion semanal desempacadora,Tablero eléctrico,PM02,LIB.,2023-10-02 05:00:00,,bajo/Medio,0.05555555555555555,558083-2
395,G. LUX PASTO,0395-LINEA 1,"LINEA DE ENVASADO 12ONZ  8,5ONZ  1.25 l",558083,DESEMPACADORA,45143,PLAN MTTO MEC. DESEMPACADORA 558083,13123925,Inspeccion semanal desempacadora,Platinas de desgaste y cadenas cardanicas,PM02,LIB.,2023-10-02 05:00:00,,bajo/Medio,0.05555555555555555,558083-2
395,G. LUX PASTO,0395-LINEA 1,"LINEA DE ENVASADO 12ONZ  8,5ONZ  1.25 l",558083,DESEMPACADORA,45143,PLAN MTTO MEC. DESEMPACADORA 558083,13123925,Inspeccion semanal desempacadora,Piñones y discos de embrague,PM02,LIB.,2023-10-02 05:00:00,,bajo/Medio,0.05555555555555555,558083-2
395,G. LUX PASTO,0395-LINEA 1,"LINEA DE ENVASADO 12ONZ  8,5ONZ  1.25 l",558083,DESEMPACADORA,45143,PLAN MTTO MEC. DESEMPACADORA 558083,13123925,Inspeccion semanal desempacadora,Boquillas de jabón,PM02,LIB.,2023-10-02 05:00:00,,bajo/Medio,0.05555555555555555,558083-2
395,G. LUX PASTO,0395-LINEA 1,"LINEA DE ENVASADO 12ONZ  8,5ONZ  1.25 l",558083,DESEMPACADORA,45143,PLAN MTTO MEC. DESEMPACADORA 558083,13123925,Inspeccion semanal desempacadora,Válvulas reguladoras de aire,PM02,LIB.,2023-10-02 05:00:00,,bajo/Medio,0.05555555555555555,558083-2
395,G. LUX PASTO,0395-LINEA 1,"LINEA DE ENVASADO 12ONZ  8,5ONZ  1.25 l",558083,DESEMPACADORA,45143,PLAN MTTO MEC. DESEMPACADORA 558083,13123925,Inspeccion semanal desempacadora,Fotoceldas y sensores,PM02,LIB.,2023-10-02 05:00:00,,bajo/Medio,0.05555555555555555,558083-2
395,G. LUX PASTO,0395-LINEA 1,"LINEA DE ENVASADO 12ONZ  8,5ONZ  1.25 l",558083,DESEMPACADORA,45143,PLAN MTTO MEC. DESEMPACADORA 558083,13123925,Inspeccion semanal desempacadora,Cadenas table top,PM02,LIB.,2023-10-02 05:00:00,,bajo/Medio,0.05555555555555555,558083-2
395,G. LUX PASTO,0395-LINEA 1,"LINEA DE ENVASADO 12ONZ  8,5ONZ  1.25 l",558083,DESEMPACADORA,45143,PLAN MTTO MEC. DESEMPACADORA 558083,13123925,Inspeccion semanal desempacadora,Motoreductores,PM02,LIB.,2023-10-02 05:00:00,,bajo/Medio,0.05555555555555555,558083-2
395,G. LUX PASTO,0395-LINEA 1,"LINEA DE ENVASADO 12ONZ  8,5ONZ  1.25 l",558083,DESEMPACADORA,45143,PLAN MTTO MEC. DESEMPACADORA 558083,13123925,Inspeccion semanal desempacadora,Cadena basculante,PM02,LIB.,2023-10-02 05:00:00,,bajo/Medio,0.05555555555555555,558083-2
395,G. LUX PASTO,0395-LINEA 1,"LINEA DE ENVASADO 12ONZ  8,5ONZ  1.25 l",558083,DESEMPACADORA,45143,PLAN MTTO MEC. DESEMPACADORA 558083,13123925,Inspeccion semanal desempacadora,Estructura del equipo,PM02,LIB.,2023-10-02 05:00:00,,bajo/Medio,0.05555555555555555,558083-2
395,G. LUX PASTO,0395-LINEA 1,"LINEA DE ENVASADO 12ONZ  8,5ONZ  1.25 l",558083,DESEMPACADORA,45143,PLAN MTTO MEC. DESEMPACADORA 558083,13123925,Inspeccion semanal desempacadora,Tablero de comando y control,PM02,LIB.,2023-10-02 05:00:00,,bajo/Medio,0.05555555555555555,558083-2
395,G. LUX PASTO,0395-PLANTAS DE AGUAS,TRATAMIENTO DE AGUA PARA ENVASADO,69962151,COCINA CALENTAMIENTO AGUA FILTROS,45157,PLAN MTTO MEC CALENT FILTROS 69962151,13123943,inspeccion semanal cocina calent. filtro,INSPECCIÓN SEMANAL COCINA CALENTAMIENTO AGUA FILTROS,PM02,LIB.,2023-10-02 05:00:00,,medio/Moderado,0.5,69962151-2
395,G. LUX PASTO,0395-PLANTAS DE AGUAS,TRATAMIENTO DE AGUA PARA ENVASADO,70961602,FILTRO DE ARENA No  2,45159,PLAN MTTO MEC FIL ARENA No.2 70961602,13131148,inspeccion semanal filtro arena 2,INSPECCIÓN SEMANAL FILTRO DE ARENA No  2,PM02,ABIE,2023-10-09 05:00:00,,bajo/Medio,0.1,70961602-2
395,G. LUX PASTO,0395-PLANTAS DE AGUAS,TRATAMIENTO DE AGUA PARA ENVASADO,70961005,FILTRO DE CARBON No 3,45161,PLAN MTTO MEC FILTR CARBON 3 70961005,13123945,inspeccion semanal filtro arena 3,INSPECCIÓN SEMANAL FILTRO DE CARBON No 3,PM02,LIB.,2023-10-02 05:00:00,,bajo/Medio,0.5,70961005-2
395,G. LUX PASTO,0395-PLANTAS DE AGUAS,TRATAMIENTO DE AGUA PARA ENVASADO,700031,SUAVIZADOR,45149,PLAN MTTO MEC SUAVISADOR 700031,13131143,inspeccion semanal suavisador,INSPECCIÓN SEMANAL SUAVIZADOR,PM02,ABIE,2023-10-09 05:00:00,,bajo/Medio,0.5,700031-2
395,G. LUX PASTO,0395-PLANTAS DE AGUAS,TRATAMIENTO DE AGUA PARA ENVASADO,70947403,TANQUES ALMACENAMIENTO AGUA,45151,PLAN MTTO MEC.TAN.ALM.AGUA TRA.70947403,13131144,Inspeccion semanal tanque de almacenamie,INSPECCIÓN SEMANAL TANQUES ALMACENAMIENTO AGUA,PM02,ABIE,2023-10-09 05:00:00,,medio/Moderado,0.5,70947403-2
395,G. LUX PASTO,0395-EQUIPOS AUXILIARES,EQUIPOS PARA SERVICIOS INDUSTRIALES,679323,PLANTA ELECTRICA,45169,PLAN MTTO MEC. PLANTA ELEC CATER 679323,13131158,Inspeccion semanal planta electrica,Nivel de agua radiador,PM02,ABIE,2023-10-10 05:00:00,,alto,0.08333333333333333,679323-2
395,G. LUX PASTO,0395-EQUIPOS AUXILIARES,EQUIPOS PARA SERVICIOS INDUSTRIALES,679323,PLANTA ELECTRICA,45169,PLAN MTTO MEC. PLANTA ELEC CATER 679323,13131158,Inspeccion semanal planta electrica,Fuga de agua y aceite,PM02,ABIE,2023-10-10 05:00:00,,alto,0.08333333333333333,679323-2
395,G. LUX PASTO,0395-EQUIPOS AUXILIARES,EQUIPOS PARA SERVICIOS INDUSTRIALES,679323,PLANTA ELECTRICA,45169,PLAN MTTO MEC. PLANTA ELEC CATER 679323,13131158,Inspeccion semanal planta electrica,Nivel de aceite,PM02,ABIE,2023-10-10 05:00:00,,alto,0.08333333333333333,679323-2
395,G. LUX PASTO,0395-EQUIPOS AUXILIARES,EQUIPOS PARA SERVICIOS INDUSTRIALES,679323,PLANTA ELECTRICA,45169,PLAN MTTO MEC. PLANTA ELEC CATER 679323,13131158,Inspeccion semanal planta electrica,Filtros de aire,PM02,ABIE,2023-10-10 05:00:00,,alto,0.08333333333333333,679323-2
395,G. LUX PASTO,0395-EQUIPOS AUXILIARES,EQUIPOS PARA SERVICIOS INDUSTRIALES,679323,PLANTA ELECTRICA,45169,PLAN MTTO MEC. PLANTA ELEC CATER 679323,13131158,Inspeccion semanal planta electrica,Nivel de acpm,PM02,ABIE,2023-10-10 05:00:00,,alto,0.08333333333333333,679323-2
395,G. LUX PASTO,0395-EQUIPOS AUXILIARES,EQUIPOS PARA SERVICIOS INDUSTRIALES,679323,PLANTA ELECTRICA,45169,PLAN MTTO MEC. PLANTA ELEC CATER 679323,13131158,Inspeccion semanal planta electrica,Tablero eléctrico,PM02,ABIE,2023-10-10 05:00:00,,alto,0.08333333333333333,679323-2
395,G. LUX PASTO,0395-EQUIPOS AUXILIARES,EQUIPOS PARA SERVICIOS INDUSTRIALES,679323,PLANTA ELECTRICA,45169,PLAN MTTO MEC. PLANTA ELEC CATER 679323,13131158,Inspeccion semanal planta electrica,Resistencias calentador,PM02,ABIE,2023-10-10 05:00:00,,alto,0.08333333333333333,679323-2
395,G. LUX PASTO,0395-EQUIPOS AUXILIARES,EQUIPOS PARA SERVICIOS INDUSTRIALES,679323,PLANTA ELECTRICA,45169,PLAN MTTO MEC. PLANTA ELEC CATER 679323,13131158,Inspeccion semanal planta electrica,Amperímetros ,PM02,ABIE,2023-10-10 05:00:00,,alto,0.08333333333333333,679323-2
395,G. LUX PASTO,0395-EQUIPOS AUXILIARES,EQUIPOS PARA SERVICIOS INDUSTRIALES,679323,PLANTA ELECTRICA,45169,PLAN MTTO MEC. PLANTA ELEC CATER 679323,13131158,Inspeccion semanal planta electrica,Selectores de la planta,PM02,ABIE,2023-10-10 05:00:00,,alto,0.08333333333333333,679323-2
395,G. LUX PASTO,0395-EQUIPOS AUXILIARES,EQUIPOS PARA SERVICIOS INDUSTRIALES,679323,PLANTA ELECTRICA,45169,PLAN MTTO MEC. PLANTA ELEC CATER 679323,13131158,Inspeccion semanal planta electrica,Purga del tanque de acpm,PM02,ABIE,2023-10-10 05:00:00,,alto,0.08333333333333333,679323-2
395,G. LUX PASTO,0395-EQUIPOS AUXILIARES,EQUIPOS PARA SERVICIOS INDUSTRIALES,679323,PLANTA ELECTRICA,45169,PLAN MTTO MEC. PLANTA ELEC CATER 679323,13131158,Inspeccion semanal planta electrica,Temperatura agua ,PM02,ABIE,2023-10-10 05:00:00,,alto,0.08333333333333333,679323-2
395,G. LUX PASTO,0395-EQUIPOS AUXILIARES,EQUIPOS PARA SERVICIOS INDUSTRIALES,679323,PLANTA ELECTRICA,45169,PLAN MTTO MEC. PLANTA ELEC CATER 679323,13131158,Inspeccion semanal planta electrica,Trampas condensado,PM02,ABIE,2023-10-10 05:00:00,,alto,0.08333333333333333,679323-2
395,G. LUX PASTO,0395-SALA DE JARABES,EQUIPOS PARA  PREPARACION DE JARABE,69962154,FILTRO PRENSA,14426,PLAN MTTO MEC FILTRO PRENSA 69962154,13123886,inspeccion semanal filtro prensa,INSPECCIÓN SEMANAL FILTRO PRENSA,PM02,LIB.,2023-10-07 05:00:00,,medio/Moderado,0.5,69962154-2
395,G. LUX PASTO,0395-SALA DE JARABES,EQUIPOS PARA  PREPARACION DE JARABE,709611,FILTRO PULIDOR,46789,PLAN MTTO FILTRO PULID GASEOSA 709611,13131217,Inspeccion semanal filtro pulidor gaseos,INSPECCIÓN SEMANAL FILTRO PULIDOR,PM02,ABIE,2023-10-10 05:00:00,,medio/Moderado,0.5,709611-2
395,G. LUX PASTO,0395-AGUAS RESIDUALES  GASEOSA,TRATAMIENTO DE AGUAS DE DESECHO GASEOSAS,710082,PLANTA AGUAS RESIDUALES AZUCARADAS,14459,PLAN MTTO MEC. AG. RESI AZUC. 7100282,13131124,inspeccion semanal sistema electrico,Estructura y pintura tanques principales,PM02,ABIE,2023-10-09 05:00:00,,medio/Moderado,0.02941176470588235,710082-2
395,G. LUX PASTO,0395-AGUAS RESIDUALES  GASEOSA,TRATAMIENTO DE AGUAS DE DESECHO GASEOSAS,710082,PLANTA AGUAS RESIDUALES AZUCARADAS,14459,PLAN MTTO MEC. AG. RESI AZUC. 7100282,13131124,inspeccion semanal sistema electrico,"Fuga en tuberías de agua, Co2, gas propano",PM02,ABIE,2023-10-09 05:00:00,,medio/Moderado,0.02941176470588235,710082-2
395,G. LUX PASTO,0395-AGUAS RESIDUALES  GASEOSA,TRATAMIENTO DE AGUAS DE DESECHO GASEOSAS,710082,PLANTA AGUAS RESIDUALES AZUCARADAS,14459,PLAN MTTO MEC. AG. RESI AZUC. 7100282,13131124,inspeccion semanal sistema electrico,Compuerta azucarados,PM02,ABIE,2023-10-09 05:00:00,,medio/Moderado,0.02941176470588235,710082-2
395,G. LUX PASTO,0395-AGUAS RESIDUALES  GASEOSA,TRATAMIENTO DE AGUAS DE DESECHO GASEOSAS,710082,PLANTA AGUAS RESIDUALES AZUCARADAS,14459,PLAN MTTO MEC. AG. RESI AZUC. 7100282,13131124,inspeccion semanal sistema electrico,Válvulas manuales y solenoides  ,PM02,ABIE,2023-10-09 05:00:00,,medio/Moderado,0.02941176470588235,710082-2
395,G. LUX PASTO,0395-AGUAS RESIDUALES  GASEOSA,TRATAMIENTO DE AGUAS DE DESECHO GASEOSAS,710082,PLANTA AGUAS RESIDUALES AZUCARADAS,14459,PLAN MTTO MEC. AG. RESI AZUC. 7100282,13131124,inspeccion semanal sistema electrico,Caudalometro Co2,PM02,ABIE,2023-10-09 05:00:00,,medio/Moderado,0.02941176470588235,710082-2
395,G. LUX PASTO,0395-AGUAS RESIDUALES  GASEOSA,TRATAMIENTO DE AGUAS DE DESECHO GASEOSAS,710082,PLANTA AGUAS RESIDUALES AZUCARADAS,14459,PLAN MTTO MEC. AG. RESI AZUC. 7100282,13131124,inspeccion semanal sistema electrico,Ruido vibración  y calentamiento en motobombas,PM02,ABIE,2023-10-09 05:00:00,,medio/Moderado,0.02941176470588235,710082-2
395,G. LUX PASTO,0395-AGUAS RESIDUALES  GASEOSA,TRATAMIENTO DE AGUAS DE DESECHO GASEOSAS,710082,PLANTA AGUAS RESIDUALES AZUCARADAS,14459,PLAN MTTO MEC. AG. RESI AZUC. 7100282,13131124,inspeccion semanal sistema electrico,quemador,PM02,ABIE,2023-10-09 05:00:00,,medio/Moderado,0.02941176470588235,710082-2
395,G. LUX PASTO,0395-AGUAS RESIDUALES  GASEOSA,TRATAMIENTO DE AGUAS DE DESECHO GASEOSAS,710082,PLANTA AGUAS RESIDUALES AZUCARADAS,14459,PLAN MTTO MEC. AG. RESI AZUC. 7100282,13131124,inspeccion semanal sistema electrico,Tablero electrico,PM02,ABIE,2023-10-09 05:00:00,,medio/Moderado,0.02941176470588235,710082-2
395,G. LUX PASTO,0395-AGUAS RESIDUALES  GASEOSA,TRATAMIENTO DE AGUAS DE DESECHO GASEOSAS,710082,PLANTA AGUAS RESIDUALES AZUCARADAS,14459,PLAN MTTO MEC. AG. RESI AZUC. 7100282,13131124,inspeccion semanal sistema electrico,Peachimetro,PM02,ABIE,2023-10-09 05:00:00,,medio/Moderado,0.02941176470588235,710082-2
395,G. LUX PASTO,0395-AGUAS RESIDUALES  GASEOSA,TRATAMIENTO DE AGUAS DE DESECHO GASEOSAS,710082,PLANTA AGUAS RESIDUALES AZUCARADAS,14459,PLAN MTTO MEC. AG. RESI AZUC. 7100282,13131124,inspeccion semanal sistema electrico,Manguera nivel tanque ,PM02,ABIE,2023-10-09 05:00:00,,medio/Moderado,0.02941176470588235,710082-2
395,G. LUX PASTO,0395-AGUAS RESIDUALES  GASEOSA,TRATAMIENTO DE AGUAS DE DESECHO GASEOSAS,710082,PLANTA AGUAS RESIDUALES AZUCARADAS,14459,PLAN MTTO MEC. AG. RESI AZUC. 7100282,13131124,inspeccion semanal sistema electrico,Quemador,PM02,ABIE,2023-10-09 05:00:00,,medio/Moderado,0.02941176470588235,710082-2
395,G. LUX PASTO,0395-AGUAS RESIDUALES  GASEOSA,TRATAMIENTO DE AGUAS DE DESECHO GASEOSAS,710082,PLANTA AGUAS RESIDUALES AZUCARADAS,14459,PLAN MTTO MEC. AG. RESI AZUC. 7100282,13131124,inspeccion semanal sistema electrico,Tina calentamiento ,PM02,ABIE,2023-10-09 05:00:00,,medio/Moderado,0.02941176470588235,710082-2
395,G. LUX PASTO,0395-AGUAS RESIDUALES  GASEOSA,TRATAMIENTO DE AGUAS DE DESECHO GASEOSAS,710082,PLANTA AGUAS RESIDUALES AZUCARADAS,14459,PLAN MTTO MEC. AG. RESI AZUC. 7100282,13131124,inspeccion semanal sistema electrico,Serpentín tanque de alcalinos,PM02,ABIE,2023-10-09 05:00:00,,medio/Moderado,0.02941176470588235,710082-2
395,G. LUX PASTO,0395-AGUAS RESIDUALES  GASEOSA,TRATAMIENTO DE AGUAS DE DESECHO GASEOSAS,710082,PLANTA AGUAS RESIDUALES AZUCARADAS,14459,PLAN MTTO MEC. AG. RESI AZUC. 7100282,13131124,inspeccion semanal sistema electrico,Manómetros y control temperatura,PM02,ABIE,2023-10-09 05:00:00,,medio/Moderado,0.02941176470588235,710082-2
395,G. LUX PASTO,0395-AGUAS RESIDUALES  GASEOSA,TRATAMIENTO DE AGUAS DE DESECHO GASEOSAS,710082,PLANTA AGUAS RESIDUALES AZUCARADAS,14459,PLAN MTTO MEC. AG. RESI AZUC. 7100282,13131124,inspeccion semanal sistema electrico,"Bombas dosificadoras de micro, macro y soda caustica.",PM02,ABIE,2023-10-09 05:00:00,,medio/Moderado,0.02941176470588235,710082-2
395,G. LUX PASTO,0395-AGUAS RESIDUALES  GASEOSA,TRATAMIENTO DE AGUAS DE DESECHO GASEOSAS,710082,PLANTA AGUAS RESIDUALES AZUCARADAS,14459,PLAN MTTO MEC. AG. RESI AZUC. 7100282,13131124,inspeccion semanal sistema electrico,Tanques de soluciones,PM02,ABIE,2023-10-09 05:00:00,,medio/Moderado,0.02941176470588235,710082-2
395,G. LUX PASTO,0395-AGUAS RESIDUALES  GASEOSA,TRATAMIENTO DE AGUAS DE DESECHO GASEOSAS,710082,PLANTA AGUAS RESIDUALES AZUCARADAS,14459,PLAN MTTO MEC. AG. RESI AZUC. 7100282,13131124,inspeccion semanal sistema electrico,Gabinetes laboratorio,PM02,ABIE,2023-10-09 05:00:00,,medio/Moderado,0.02941176470588235,710082-2
395,G. LUX PASTO,0395-EQUIPOS AUXILIARES,EQUIPOS PARA SERVICIOS INDUSTRIALES,769910,REDES DE COMUNICACIONES,22921,PLAN MTTO REDES DE COMUNICACIÓN 769910,13131129,inspeccion semanal redes comunicacion,INSPECCIÓN SEMANAL REDES DE COMUNICACIONES,PM02,ABIE,2023-10-10 05:00:00,,medio/Moderado,1.5,769910-2
395,G. LUX PASTO,0395-EQUIPOS AUXILIARES,EQUIPOS PARA SERVICIOS INDUSTRIALES,689621,REDES HIDRAULICAS Y NEUMATICAS,46788,PLAN MTTO MEC RED HIDR. Y NEUMAT 689621,13131215,inspeccion semanal redes hidraul. y neum,INSPECCIÓN SEMANAL REDES HIDRAULICAS Y NEUMATICAS,PM02,ABIE,2023-10-10 05:00:00,,medio/Moderado,0.5,689621-2
395,G. LUX PASTO,0395-TALLER MANTTO PLANTA,TALLER  MANTENIMIENTO  EQUIPOS DE PLANTA,207014,TALLER INDUSTRIAL MANTENIMIENTO PLANTA,45164,PLAN MTTO MEC TALLER INDUSTRIAL 207014,13131154,inspeccion semanal taller industrial,INSPECCIÓN SEMANAL TALLER INDUSTRIAL MANTENIMIENTO PLANTA,PM02,ABIE,2023-10-10 05:00:00,,,0.1,207014-2
395,G. LUX PASTO,0395-TALLER MANTTO PLANTA,TALLER  MANTENIMIENTO  EQUIPOS DE PLANTA,20701402,TALLER UTILES DE ASEO,46825,PLAN MTTO ELEMENT ASEO TALLER 20701402,13131221,inspeccion semanal utiles de aseo,INSPECCIÓN SEMANAL TALLER UTILES DE ASEO,PM02,ABIE,2023-10-09 05:00:00,,medio/Moderado,0.5,20701402-2
395,G. LUX PASTO,0395-EQUIPOS AUXILIARES,EQUIPOS PARA SERVICIOS INDUSTRIALES,709711,TANQUE DE SODA CAUSTICA,46665,PLAN MTTO MECA TANQUE SODA. 709711,13131199,inspeccion semanal tanque soda caustica,INSPECCIÓN SEMANAL TANQUE DE SODA CAUSTICA,PM02,ABIE,2023-10-09 05:00:00,,medio/Moderado,0.1,709711-2
395,G. LUX PASTO,0395-EQUIPOS AUXILIARES,EQUIPOS PARA SERVICIOS INDUSTRIALES,659614,TANQUES DE COMBUSTIBLE,14471,PLAN MTTO MEC TK COMBUSTIBLE 659614,13131125,inspeccion semanal tanque de combustible,INSPECCIÓN SEMANAL TANQUES DE COMBUSTIBLE,PM02,ABIE,2023-10-09 05:00:00,,medio/Moderado,0.5,659614-2
395,G. LUX PASTO,0395-EQUIPOS AUXILIARES,EQUIPOS PARA SERVICIOS INDUSTRIALES,660015,TORRE DE ENFRIAMIENTO,45195,PLAN MTTO MECATORRE DE ENFRI.660015,13131165,inspeccion semanal torre de enfriamiento,INSPECCIÓN SEMANAL TORRE DE ENFRIAMIENTO,PM02,ABIE,2023-10-07 05:00:00,,medio/Moderado,1,660015-2
395,G. LUX PASTO,0395-SALA DE JARABES,EQUIPOS PARA  PREPARACION DE JARABE,709951,SKID DISOLUCION EN CALIENTE,46834,PLAN MTTO MEC DISOLUTOR 709951,13131241,Inspeccion semanal,INSPECCIÓN SEMANAL SKID DISOLUCION EN CALIENTE,PM02,ABIE,2023-10-07 05:00:00,,medio/Moderado,0.5,709951-1
395,G. LUX PASTO,0395-LINEA DE BOLSAS,LINEA PARA EL LLENADO DE BOLSAS,70947405,UNIDAD UV,45197,PLAN MTTO UV SALA DE AGUAS 70947405,13131168,inspeccion semanal lampara uv agua,INSPECCIÓN SEMANAL UNIDAD UV,PM02,ABIE,2023-10-07 05:00:00,,medio/Moderado,0.5,70947405-2
,,,,,,,,,,,,,,,,,
,,,,,,,,,,,,,,,,,
,,,,,,,,,,,,,,,,,
,,,,,,,,,,,,,,,,,
,,,,,,,,,,,,,,,,,
,,,,,,,,,,,,,,,,,
,,,,,,,,,,,,,,,,,
,,,,,,,,,,,,,,,,,
,,,,,,,,,,,,,,,,,
,,,,,,,,,,,,,,,,,
,,,,,,,,,,,,,,,,,
,,,,,,,,,,,,,,,,,
,,,,,,,,,,,,,,,,,
,,,,,,,,,,,,,,,,,
,,,,,,,,,,,,,,,,,
,,,,,,,,,,,,,,,,,
,,,,,,,,,,,,,,,,,
,,,,,,,,,,,,,,,,,
,,,,,,,,,,,,,,,,,
,,,,,,,,,,,,,,,,,
,,,,,,,,,,,,,,,,,
,,,,,,,,,,,,,,,,,
,,,,,,,,,,,,,,,,,
,,,,,,,,,,,,,,,,,
,,,,,,,,,,,,,,,,,
,,,,,,,,,,,,,,,,,
,,,,,,,,,,,,,,,,,
,,,,,,,,,,,,,,,,,
,,,,,,,,,,,,,,,,,
,,,,,,,,,,,,,,,,,
,,,,,,,,,,,,,,,,,
,,,,,,,,,,,,,,,,,
,,,,,,,,,,,,,,,,,
,,,,,,,,,,,,,,,,,
,,,,,,,,,,,,,,,,,
,,,,,,,,,,,,,,,,,
,,,,,,,,,,,,,,,,,
,,,,,,,,,,,,,,,,,
,,,,,,,,,,,,,,,,,
,,,,,,,,,,,,,,,,,
,,,,,,,,,,,,,,,,,
,,,,,,,,,,,,,,,,,
,,,,,,,,,,,,,,,,,
,,,,,,,,,,,,,,,,,
,,,,,,,,,,,,,,,,,
,,,,,,,,,,,,,,,,,
,,,,,,,,,,,,,,,,,
,,,,,,,,,,,,,,,,,
,,,,,,,,,,,,,,,,,
,,,,,,,,,,,,,,,,,
,,,,,,,,,,,,,,,,,
,,,,,,,,,,,,,,,,,
,,,,,,,,,,,,,,,,,
,,,,,,,,,,,,,,,,,
,,,,,,,,,,,,,,,,,
,,,,,,,,,,,,,,,,,
,,,,,,,,,,,,,,,,,
,,,,,,,,,,,,,,,,,
,,,,,,,,,,,,,,,,,
,,,,,,,,,,,,,,,,,
,,,,,,,,,,,,,,,,,
,,,,,,,,,,,,,,,,,
,,,,,,,,,,,,,,,,,
,,,,,,,,,,,,,,,,,
,,,,,,,,,,,,,,,,,
,,,,,,,,,,,,,,,,,
,,,,,,,,,,,,,,,,,
,,,,,,,,,,,,,,,,,
,,,,,,,,,,,,,,,,,
,,,,,,,,,,,,,,,,,
,,,,,,,,,,,,,,,,,
,,,,,,,,,,,,,,,,,
,,,,,,,,,,,,,,,,,
,,,,,,,,,,,,,,,,,
,,,,,,,,,,,,,,,,,
,,,,,,,,,,,,,,,,,
,,,,,,,,,,,,,,,,,
,,,,,,,,,,,,,,,,,
,,,,,,,,,,,,,,,,,
,,,,,,,,,,,,,,,,,
,,,,,,,,,,,,,,,,,
,,,,,,,,,,,,,,,,,
,,,,,,,,,,,,,,,,,
,,,,,,,,,,,,,,,,,
,,,,,,,,,,,,,,,,,
,,,,,,,,,,,,,,,,,
,,,,,,,,,,,,,,,,,
,,,,,,,,,,,,,,,,,
,,,,,,,,,,,,,,,,,
,,,,,,,,,,,,,,,,,
,,,,,,,,,,,,,,,,,
,,,,,,,,,,,,,,,,,
,,,,,,,,,,,,,,,,,
,,,,,,,,,,,,,,,,,
,,,,,,,,,,,,,,,,,
,,,,,,,,,,,,,,,,,
,,,,,,,,,,,,,,,,,
,,,,,,,,,,,,,,,,,
,,,,,,,,,,,,,,,,,
,,,,,,,,,,,,,,,,,
,,,,,,,,,,,,,,,,,
,,,,,,,,,,,,,,,,,
,,,,,,,,,,,,,,,,,
,,,,,,,,,,,,,,,,,
,,,,,,,,,,,,,,,,,
,,,,,,,,,,,,,,,,,
,,,,,,,,,,,,,,,,,
,,,,,,,,,,,,,,,,,
,,,,,,,,,,,,,,,,,
,,,,,,,,,,,,,,,,,
,,,,,,,,,,,,,,,,,
,,,,,,,,,,,,,,,,,
,,,,,,,,,,,,,,,,,
,,,,,,,,,,,,,,,,,
,,,,,,,,,,,,,,,,,
,,,,,,,,,,,,,,,,,
,,,,,,,,,,,,,,,,,
,,,,,,,,,,,,,,,,,
,,,,,,,,,,,,,,,,,
,,,,,,,,,,,,,,,,,
,,,,,,,,,,,,,,,,,
,,,,,,,,,,,,,,,,,
,,,,,,,,,,,,,,,,,
,,,,,,,,,,,,,,,,,
,,,,,,,,,,,,,,,,,
,,,,,,,,,,,,,,,,,
,,,,,,,,,,,,,,,,,
,,,,,,,,,,,,,,,,,
,,,,,,,,,,,,,,,,,
,,,,,,,,,,,,,,,,,
,,,,,,,,,,,,,,,,,
,,,,,,,,,,,,,,,,,
,,,,,,,,,,,,,,,,,
,,,,,,,,,,,,,,,,,
,,,,,,,,,,,,,,,,,
,,,,,,,,,,,,,,,,,
,,,,,,,,,,,,,,,,,
,,,,,,,,,,,,,,,,,
,,,,,,,,,,,,,,,,,
,,,,,,,,,,,,,,,,,
,,,,,,,,,,,,,,,,,
,,,,,,,,,,,,,,,,,
,,,,,,,,,,,,,,,,,
,,,,,,,,,,,,,,,,,
,,,,,,,,,,,,,,,,,
,,,,,,,,,,,,,,,,,
,,,,,,,,,,,,,,,,,
,,,,,,,,,,,,,,,,,
,,,,,,,,,,,,,,,,,
,,,,,,,,,,,,,,,,,
,,,,,,,,,,,,,,,,,
,,,,,,,,,,,,,,,,,
,,,,,,,,,,,,,,,,,
,,,,,,,,,,,,,,,,,
,,,,,,,,,,,,,,,,,
,,,,,,,,,,,,,,,,,
,,,,,,,,,,,,,,,,,
,,,,,,,,,,,,,,,,,
,,,,,,,,,,,,,,,,,
,,,,,,,,,,,,,,,,,
,,,,,,,,,,,,,,,,,
,,,,,,,,,,,,,,,,,
,,,,,,,,,,,,,,,,,
,,,,,,,,,,,,,,,,,
,,,,,,,,,,,,,,,,,
,,,,,,,,,,,,,,,,,
,,,,,,,,,,,,,,,,,
,,,,,,,,,,,,,,,,,
,,,,,,,,,,,,,,,,,
,,,,,,,,,,,,,,,,,
,,,,,,,,,,,,,,,,,
,,,,,,,,,,,,,,,,,
,,,,,,,,,,,,,,,,,
,,,,,,,,,,,,,,,,,
,,,,,,,,,,,,,,,,,
,,,,,,,,,,,,,,,,,
,,,,,,,,,,,,,,,,,
,,,,,,,,,,,,,,,,,
,,,,,,,,,,,,,,,,,
,,,,,,,,,,,,,,,,,
,,,,,,,,,,,,,,,,,
,,,,,,,,,,,,,,,,,
,,,,,,,,,,,,,,,,,
,,,,,,,,,,,,,,,,,
,,,,,,,,,,,,,,,,,
,,,,,,,,,,,,,,,,,
,,,,,,,,,,,,,,,,,
,,,,,,,,,,,,,,,,,
,,,,,,,,,,,,,,,,,
,,,,,,,,,,,,,,,,,
,,,,,,,,,,,,,,,,,
,,,,,,,,,,,,,,,,,
,,,,,,,,,,,,,,,,,
,,,,,,,,,,,,,,,,,
,,,,,,,,,,,,,,,,,
,,,,,,,,,,,,,,,,,
,,,,,,,,,,,,,,,,,
,,,,,,,,,,,,,,,,,
,,,,,,,,,,,,,,,,,
,,,,,,,,,,,,,,,,,
,,,,,,,,,,,,,,,,,
,,,,,,,,,,,,,,,,,
,,,,,,,,,,,,,,,,,
,,,,,,,,,,,,,,,,,
,,,,,,,,,,,,,,,,,
,,,,,,,,,,,,,,,,,
,,,,,,,,,,,,,,,,,
,,,,,,,,,,,,,,,,,
,,,,,,,,,,,,,,,,,
,,,,,,,,,,,,,,,,,
,,,,,,,,,,,,,,,,,
,,,,,,,,,,,,,,,,,
,,,,,,,,,,,,,,,,,
,,,,,,,,,,,,,,,,,
,,,,,,,,,,,,,,,,,
,,,,,,,,,,,,,,,,,
,,,,,,,,,,,,,,,,,
,,,,,,,,,,,,,,,,,
,,,,,,,,,,,,,,,,,
,,,,,,,,,,,,,,,,,
,,,,,,,,,,,,,,,,,
,,,,,,,,,,,,,,,,,
,,,,,,,,,,,,,,,,,
,,,,,,,,,,,,,,,,,
,,,,,,,,,,,,,,,,,
,,,,,,,,,,,,,,,,,
,,,,,,,,,,,,,,,,,
,,,,,,,,,,,,,,,,,
,,,,,,,,,,,,,,,,,
,,,,,,,,,,,,,,,,,
,,,,,,,,,,,,,,,,,
,,,,,,,,,,,,,,,,,
,,,,,,,,,,,,,,,,,
,,,,,,,,,,,,,,,,,
,,,,,,,,,,,,,,,,,
,,,,,,,,,,,,,,,,,
,,,,,,,,,,,,,,,,,
,,,,,,,,,,,,,,,,,
,,,,,,,,,,,,,,,,,
,,,,,,,,,,,,,,,,,
,,,,,,,,,,,,,,,,,
,,,,,,,,,,,,,,,,,
,,,,,,,,,,,,,,,,,
,,,,,,,,,,,,,,,,,
,,,,,,,,,,,,,,,,,
,,,,,,,,,,,,,,,,,
,,,,,,,,,,,,,,,,,
,,,,,,,,,,,,,,,,,
,,,,,,,,,,,,,,,,,
,,,,,,,,,,,,,,,,,
,,,,,,,,,,,,,,,,,
,,,,,,,,,,,,,,,,,
,,,,,,,,,,,,,,,,,
,,,,,,,,,,,,,,,,,
,,,,,,,,,,,,,,,,,
,,,,,,,,,,,,,,,,,
,,,,,,,,,,,,,,,,,
,,,,,,,,,,,,,,,,,
,,,,,,,,,,,,,,,,,
,,,,,,,,,,,,,,,,,
,,,,,,,,,,,,,,,,,
,,,,,,,,,,,,,,,,,
,,,,,,,,,,,,,,,,,
,,,,,,,,,,,,,,,,,
,,,,,,,,,,,,,,,,,
,,,,,,,,,,,,,,,,,
,,,,,,,,,,,,,,,,,
,,,,,,,,,,,,,,,,,
,,,,,,,,,,,,,,,,,
,,,,,,,,,,,,,,,,,
,,,,,,,,,,,,,,,,,
,,,,,,,,,,,,,,,,,
,,,,,,,,,,,,,,,,,
,,,,,,,,,,,,,,,,,
,,,,,,,,,,,,,,,,,
,,,,,,,,,,,,,,,,,
,,,,,,,,,,,,,,,,,
,,,,,,,,,,,,,,,,,
,,,,,,,,,,,,,,,,,
,,,,,,,,,,,,,,,,,
,,,,,,,,,,,,,,,,,
,,,,,,,,,,,,,,,,,
,,,,,,,,,,,,,,,,,
,,,,,,,,,,,,,,,,,
,,,,,,,,,,,,,,,,,
,,,,,,,,,,,,,,,,,
,,,,,,,,,,,,,,,,,
,,,,,,,,,,,,,,,,,
,,,,,,,,,,,,,,,,,
,,,,,,,,,,,,,,,,,
,,,,,,,,,,,,,,,,,
,,,,,,,,,,,,,,,,,
,,,,,,,,,,,,,,,,,
,,,,,,,,,,,,,,,,,
,,,,,,,,,,,,,,,,,
,,,,,,,,,,,,,,,,,
,,,,,,,,,,,,,,,,,
,,,,,,,,,,,,,,,,,
,,,,,,,,,,,,,,,,,
,,,,,,,,,,,,,,,,,
,,,,,,,,,,,,,,,,,
,,,,,,,,,,,,,,,,,
,,,,,,,,,,,,,,,,,
,,,,,,,,,,,,,,,,,
,,,,,,,,,,,,,,,,,
,,,,,,,,,,,,,,,,,
,,,,,,,,,,,,,,,,,
,,,,,,,,,,,,,,,,,
,,,,,,,,,,,,,,,,,
,,,,,,,,,,,,,,,,,
,,,,,,,,,,,,,,,,,
,,,,,,,,,,,,,,,,,
,,,,,,,,,,,,,,,,,
,,,,,,,,,,,,,,,,,
,,,,,,,,,,,,,,,,,
,,,,,,,,,,,,,,,,,
,,,,,,,,,,,,,,,,,
,,,,,,,,,,,,,,,,,
,,,,,,,,,,,,,,,,,
,,,,,,,,,,,,,,,,,
,,,,,,,,,,,,,,,,,
,,,,,,,,,,,,,,,,,
,,,,,,,,,,,,,,,,,
,,,,,,,,,,,,,,,,,
,,,,,,,,,,,,,,,,,
,,,,,,,,,,,,,,,,,
,,,,,,,,,,,,,,,,,
,,,,,,,,,,,,,,,,,
,,,,,,,,,,,,,,,,,
,,,,,,,,,,,,,,,,,
,,,,,,,,,,,,,,,,,
,,,,,,,,,,,,,,,,,
,,,,,,,,,,,,,,,,,
,,,,,,,,,,,,,,,,,
,,,,,,,,,,,,,,,,,
,,,,,,,,,,,,,,,,,
,,,,,,,,,,,,,,,,,
,,,,,,,,,,,,,,,,,
,,,,,,,,,,,,,,,,,
,,,,,,,,,,,,,,,,,
,,,,,,,,,,,,,,,,,
,,,,,,,,,,,,,,,,,
,,,,,,,,,,,,,,,,,
,,,,,,,,,,,,,,,,,
,,,,,,,,,,,,,,,,,
,,,,,,,,,,,,,,,,,
,,,,,,,,,,,,,,,,,
,,,,,,,,,,,,,,,,,
,,,,,,,,,,,,,,,,,
,,,,,,,,,,,,,,,,,
,,,,,,,,,,,,,,,,,
,,,,,,,,,,,,,,,,,
,,,,,,,,,,,,,,,,,
,,,,,,,,,,,,,,,,,
,,,,,,,,,,,,,,,,,
,,,,,,,,,,,,,,,,,
,,,,,,,,,,,,,,,,,
,,,,,,,,,,,,,,,,,
,,,,,,,,,,,,,,,,,
,,,,,,,,,,,,,,,,,
,,,,,,,,,,,,,,,,,
,,,,,,,,,,,,,,,,,
,,,,,,,,,,,,,,,,,
,,,,,,,,,,,,,,,,,
,,,,,,,,,,,,,,,,,
,,,,,,,,,,,,,,,,,
,,,,,,,,,,,,,,,,,
,,,,,,,,,,,,,,,,,
,,,,,,,,,,,,,,,,,
,,,,,,,,,,,,,,,,,
,,,,,,,,,,,,,,,,,
,,,,,,,,,,,,,,,,,
,,,,,,,,,,,,,,,,,
,,,,,,,,,,,,,,,,,
,,,,,,,,,,,,,,,,,
,,,,,,,,,,,,,,,,,
,,,,,,,,,,,,,,,,,
,,,,,,,,,,,,,,,,,
,,,,,,,,,,,,,,,,,
,,,,,,,,,,,,,,,,,
,,,,,,,,,,,,,,,,,
,,,,,,,,,,,,,,,,,
,,,,,,,,,,,,,,,,,
,,,,,,,,,,,,,,,,,
,,,,,,,,,,,,,,,,,
,,,,,,,,,,,,,,,,,
,,,,,,,,,,,,,,,,,
,,,,,,,,,,,,,,,,,
,,,,,,,,,,,,,,,,,
,,,,,,,,,,,,,,,,,
,,,,,,,,,,,,,,,,,
,,,,,,,,,,,,,,,,,
,,,,,,,,,,,,,,,,,
,,,,,,,,,,,,,,,,,
,,,,,,,,,,,,,,,,,
,,,,,,,,,,,,,,,,,
,,,,,,,,,,,,,,,,,
,,,,,,,,,,,,,,,,,
,,,,,,,,,,,,,,,,,
,,,,,,,,,,,,,,,,,
,,,,,,,,,,,,,,,,,
,,,,,,,,,,,,,,,,,
,,,,,,,,,,,,,,,,,
,,,,,,,,,,,,,,,,,
,,,,,,,,,,,,,,,,,
,,,,,,,,,,,,,,,,,
,,,,,,,,,,,,,,,,,
,,,,,,,,,,,,,,,,,
,,,,,,,,,,,,,,,,,
,,,,,,,,,,,,,,,,,
,,,,,,,,,,,,,,,,,
,,,,,,,,,,,,,,,,,
,,,,,,,,,,,,,,,,,
,,,,,,,,,,,,,,,,,
,,,,,,,,,,,,,,,,,
,,,,,,,,,,,,,,,,,
,,,,,,,,,,,,,,,,,
,,,,,,,,,,,,,,,,,
,,,,,,,,,,,,,,,,,
,,,,,,,,,,,,,,,,,
,,,,,,,,,,,,,,,,,
,,,,,,,,,,,,,,,,,
,,,,,,,,,,,,,,,,,
,,,,,,,,,,,,,,,,,
,,,,,,,,,,,,,,,,,
,,,,,,,,,,,,,,,,,
,,,,,,,,,,,,,,,,,
,,,,,,,,,,,,,,,,,
,,,,,,,,,,,,,,,,,
,,,,,,,,,,,,,,,,,
,,,,,,,,,,,,,,,,,
,,,,,,,,,,,,,,,,,
,,,,,,,,,,,,,,,,,
,,,,,,,,,,,,,,,,,
,,,,,,,,,,,,,,,,,
,,,,,,,,,,,,,,,,,
,,,,,,,,,,,,,,,,,
,,,,,,,,,,,,,,,,,
,,,,,,,,,,,,,,,,,
,,,,,,,,,,,,,,,,,
,,,,,,,,,,,,,,,,,
,,,,,,,,,,,,,,,,,
,,,,,,,,,,,,,,,,,
,,,,,,,,,,,,,,,,,
,,,,,,,,,,,,,,,,,
,,,,,,,,,,,,,,,,,
,,,,,,,,,,,,,,,,,
,,,,,,,,,,,,,,,,,
,,,,,,,,,,,,,,,,,
,,,,,,,,,,,,,,,,,
,,,,,,,,,,,,,,,,,
,,,,,,,,,,,,,,,,,
,,,,,,,,,,,,,,,,,
,,,,,,,,,,,,,,,,,
,,,,,,,,,,,,,,,,,
,,,,,,,,,,,,,,,,,
,,,,,,,,,,,,,,,,,
,,,,,,,,,,,,,,,,,
,,,,,,,,,,,,,,,,,
,,,,,,,,,,,,,,,,,
,,,,,,,,,,,,,,,,,
,,,,,,,,,,,,,,,,,
,,,,,,,,,,,,,,,,,
,,,,,,,,,,,,,,,,,
,,,,,,,,,,,,,,,,,
,,,,,,,,,,,,,,,,,
,,,,,,,,,,,,,,,,,
,,,,,,,,,,,,,,,,,
,,,,,,,,,,,,,,,,,
,,,,,,,,,,,,,,,,,
,,,,,,,,,,,,,,,,,
,,,,,,,,,,,,,,,,,
,,,,,,,,,,,,,,,,,
,,,,,,,,,,,,,,,,,
,,,,,,,,,,,,,,,,,
,,,,,,,,,,,,,,,,,
,,,,,,,,,,,,,,,,,
,,,,,,,,,,,,,,,,,
,,,,,,,,,,,,,,,,,
,,,,,,,,,,,,,,,,,
,,,,,,,,,,,,,,,,,
,,,,,,,,,,,,,,,,,
,,,,,,,,,,,,,,,,,
,,,,,,,,,,,,,,,,,
,,,,,,,,,,,,,,,,,
,,,,,,,,,,,,,,,,,
,,,,,,,,,,,,,,,,,
,,,,,,,,,,,,,,,,,
,,,,,,,,,,,,,,,,,
,,,,,,,,,,,,,,,,,
,,,,,,,,,,,,,,,,,
,,,,,,,,,,,,,,,,,
,,,,,,,,,,,,,,,,,
,,,,,,,,,,,,,,,,,
,,,,,,,,,,,,,,,,,
,,,,,,,,,,,,,,,,,
,,,,,,,,,,,,,,,,,
,,,,,,,,,,,,,,,,,
,,,,,,,,,,,,,,,,,
,,,,,,,,,,,,,,,,,
,,,,,,,,,,,,,,,,,
,,,,,,,,,,,,,,,,,
,,,,,,,,,,,,,,,,,
,,,,,,,,,,,,,,,,,
,,,,,,,,,,,,,,,,,
,,,,,,,,,,,,,,,,,
,,,,,,,,,,,,,,,,,
,,,,,,,,,,,,,,,,,
,,,,,,,,,,,,,,,,,
,,,,,,,,,,,,,,,,,
,,,,,,,,,,,,,,,,,
,,,,,,,,,,,,,,,,,
,,,,,,,,,,,,,,,,,
,,,,,,,,,,,,,,,,,
,,,,,,,,,,,,,,,,,
,,,,,,,,,,,,,,,,,
,,,,,,,,,,,,,,,,,
,,,,,,,,,,,,,,,,,
,,,,,,,,,,,,,,,,,
,,,,,,,,,,,,,,,,,
,,,,,,,,,,,,,,,,,
,,,,,,,,,,,,,,,,,
,,,,,,,,,,,,,,,,,
,,,,,,,,,,,,,,,,,
,,,,,,,,,,,,,,,,,
,,,,,,,,,,,,,,,,,
,,,,,,,,,,,,,,,,,
,,,,,,,,,,,,,,,,,
,,,,,,,,,,,,,,,,,
,,,,,,,,,,,,,,,,,
,,,,,,,,,,,,,,,,,
,,,,,,,,,,,,,,,,,
,,,,,,,,,,,,,,,,,
,,,,,,,,,,,,,,,,,
,,,,,,,,,,,,,,,,,
,,,,,,,,,,,,,,,,,
,,,,,,,,,,,,,,,,,
,,,,,,,,,,,,,,,,,
,,,,,,,,,,,,,,,,,
,,,,,,,,,,,,,,,,,
,,,,,,,,,,,,,,,,,
,,,,,,,,,,,,,,,,,
,,,,,,,,,,,,,,,,,
,,,,,,,,,,,,,,,,,
,,,,,,,,,,,,,,,,,
,,,,,,,,,,,,,,,,,
,,,,,,,,,,,,,,,,,
,,,,,,,,,,,,,,,,,
,,,,,,,,,,,,,,,,,
,,,,,,,,,,,,,,,,,
,,,,,,,,,,,,,,,,,
,,,,,,,,,,,,,,,,,
,,,,,,,,,,,,,,,,,
,,,,,,,,,,,,,,,,,
,,,,,,,,,,,,,,,,,
,,,,,,,,,,,,,,,,,
,,,,,,,,,,,,,,,,,
,,,,,,,,,,,,,,,,,
,,,,,,,,,,,,,,,,,
,,,,,,,,,,,,,,,,,
,,,,,,,,,,,,,,,,,
,,,,,,,,,,,,,,,,,
,,,,,,,,,,,,,,,,,
,,,,,,,,,,,,,,,,,
,,,,,,,,,,,,,,,,,
,,,,,,,,,,,,,,,,,
,,,,,,,,,,,,,,,,,
,,,,,,,,,,,,,,,,,
,,,,,,,,,,,,,,,,,
,,,,,,,,,,,,,,,,,
,,,,,,,,,,,,,,,,,
,,,,,,,,,,,,,,,,,
,,,,,,,,,,,,,,,,,
,,,,,,,,,,,,,,,,,
,,,,,,,,,,,,,,,,,
,,,,,,,,,,,,,,,,,
,,,,,,,,,,,,,,,,,
,,,,,,,,,,,,,,,,,
,,,,,,,,,,,,,,,,,
,,,,,,,,,,,,,,,,,
,,,,,,,,,,,,,,,,,
,,,,,,,,,,,,,,,,,
,,,,,,,,,,,,,,,,,
,,,,,,,,,,,,,,,,,
,,,,,,,,,,,,,,,,,
,,,,,,,,,,,,,,,,,
,,,,,,,,,,,,,,,,,
,,,,,,,,,,,,,,,,,
,,,,,,,,,,,,,,,,,
,,,,,,,,,,,,,,,,,
,,,,,,,,,,,,,,,,,
,,,,,,,,,,,,,,,,,
,,,,,,,,,,,,,,,,,
,,,,,,,,,,,,,,,,,
,,,,,,,,,,,,,,,,,
,,,,,,,,,,,,,,,,,
,,,,,,,,,,,,,,,,,
,,,,,,,,,,,,,,,,,
,,,,,,,,,,,,,,,,,
,,,,,,,,,,,,,,,,,
,,,,,,,,,,,,,,,,,
,,,,,,,,,,,,,,,,,
,,,,,,,,,,,,,,,,,
,,,,,,,,,,,,,,,,,
,,,,,,,,,,,,,,,,,
,,,,,,,,,,,,,,,,,
,,,,,,,,,,,,,,,,,
,,,,,,,,,,,,,,,,,
,,,,,,,,,,,,,,,,,
,,,,,,,,,,,,,,,,,
,,,,,,,,,,,,,,,,,
,,,,,,,,,,,,,,,,,
,,,,,,,,,,,,,,,,,
,,,,,,,,,,,,,,,,,
,,,,,,,,,,,,,,,,,
,,,,,,,,,,,,,,,,,
,,,,,,,,,,,,,,,,,
,,,,,,,,,,,,,,,,,
,,,,,,,,,,,,,,,,,
,,,,,,,,,,,,,,,,,
,,,,,,,,,,,,,,,,,
,,,,,,,,,,,,,,,,,
,,,,,,,,,,,,,,,,,
,,,,,,,,,,,,,,,,,
,,,,,,,,,,,,,,,,,
,,,,,,,,,,,,,,,,,
,,,,,,,,,,,,,,,,,
,,,,,,,,,,,,,,,,,
,,,,,,,,,,,,,,,,,
,,,,,,,,,,,,,,,,,
,,,,,,,,,,,,,,,,,
,,,,,,,,,,,,,,,,,
,,,,,,,,,,,,,,,,,
,,,,,,,,,,,,,,,,,
,,,,,,,,,,,,,,,,,
,,,,,,,,,,,,,,,,,
,,,,,,,,,,,,,,,,,
,,,,,,,,,,,,,,,,,
,,,,,,,,,,,,,,,,,
,,,,,,,,,,,,,,,,,
,,,,,,,,,,,,,,,,,
,,,,,,,,,,,,,,,,,
,,,,,,,,,,,,,,,,,
,,,,,,,,,,,,,,,,,
,,,,,,,,,,,,,,,,,
,,,,,,,,,,,,,,,,,
,,,,,,,,,,,,,,,,,
,,,,,,,,,,,,,,,,,
,,,,,,,,,,,,,,,,,
,,,,,,,,,,,,,,,,,
,,,,,,,,,,,,,,,,,
,,,,,,,,,,,,,,,,,
,,,,,,,,,,,,,,,,,
,,,,,,,,,,,,,,,,,
,,,,,,,,,,,,,,,,,
,,,,,,,,,,,,,,,,,
,,,,,,,,,,,,,,,,,
,,,,,,,,,,,,,,,,,
,,,,,,,,,,,,,,,,,
,,,,,,,,,,,,,,,,,
,,,,,,,,,,,,,,,,,
,,,,,,,,,,,,,,,,,
,,,,,,,,,,,,,,,,,
,,,,,,,,,,,,,,,,,
,,,,,,,,,,,,,,,,,
,,,,,,,,,,,,,,,,,
,,,,,,,,,,,,,,,,,
,,,,,,,,,,,,,,,,,
,,,,,,,,,,,,,,,,,
,,,,,,,,,,,,,,,,,
,,,,,,,,,,,,,,,,,
,,,,,,,,,,,,,,,,,
,,,,,,,,,,,,,,,,,
,,,,,,,,,,,,,,,,,
,,,,,,,,,,,,,,,,,
,,,,,,,,,,,,,,,,,
,,,,,,,,,,,,,,,,,
,,,,,,,,,,,,,,,,,
,,,,,,,,,,,,,,,,,
,,,,,,,,,,,,,,,,,
,,,,,,,,,,,,,,,,,
,,,,,,,,,,,,,,,,,
,,,,,,,,,,,,,,,,,
,,,,,,,,,,,,,,,,,
,,,,,,,,,,,,,,,,,
,,,,,,,,,,,,,,,,,
,,,,,,,,,,,,,,,,,
,,,,,,,,,,,,,,,,,
,,,,,,,,,,,,,,,,,
,,,,,,,,,,,,,,,,,
,,,,,,,,,,,,,,,,,
,,,,,,,,,,,,,,,,,
,,,,,,,,,,,,,,,,,
,,,,,,,,,,,,,,,,,
,,,,,,,,,,,,,,,,,
,,,,,,,,,,,,,,,,,
,,,,,,,,,,,,,,,,,
,,,,,,,,,,,,,,,,,
,,,,,,,,,,,,,,,,,
,,,,,,,,,,,,,,,,,
,,,,,,,,,,,,,,,,,
,,,,,,,,,,,,,,,,,
,,,,,,,,,,,,,,,,,
,,,,,,,,,,,,,,,,,
,,,,,,,,,,,,,,,,,
,,,,,,,,,,,,,,,,,
,,,,,,,,,,,,,,,,,
,,,,,,,,,,,,,,,,,
,,,,,,,,,,,,,,,,,
,,,,,,,,,,,,,,,,,
,,,,,,,,,,,,,,,,,
,,,,,,,,,,,,,,,,,
,,,,,,,,,,,,,,,,,
,,,,,,,,,,,,,,,,,
,,,,,,,,,,,,,,,,,
,,,,,,,,,,,,,,,,,
,,,,,,,,,,,,,,,,,
,,,,,,,,,,,,,,,,,
,,,,,,,,,,,,,,,,,
,,,,,,,,,,,,,,,,,
,,,,,,,,,,,,,,,,,
,,,,,,,,,,,,,,,,,
,,,,,,,,,,,,,,,,,
,,,,,,,,,,,,,,,,,
,,,,,,,,,,,,,,,,,
,,,,,,,,,,,,,,,,,
,,,,,,,,,,,,,,,,,
,,,,,,,,,,,,,,,,,
,,,,,,,,,,,,,,,,,
,,,,,,,,,,,,,,,,,
,,,,,,,,,,,,,,,,,
,,,,,,,,,,,,,,,,,
,,,,,,,,,,,,,,,,,
,,,,,,,,,,,,,,,,,
,,,,,,,,,,,,,,,,,
,,,,,,,,,,,,,,,,,
,,,,,,,,,,,,,,,,,
,,,,,,,,,,,,,,,,,
,,,,,,,,,,,,,,,,,
,,,,,,,,,,,,,,,,,
,,,,,,,,,,,,,,,,,
,,,,,,,,,,,,,,,,,
,,,,,,,,,,,,,,,,,
,,,,,,,,,,,,,,,,,
,,,,,,,,,,,,,,,,,
,,,,,,,,,,,,,,,,,
,,,,,,,,,,,,,,,,,
,,,,,,,,,,,,,,,,,
,,,,,,,,,,,,,,,,,
,,,,,,,,,,,,,,,,,
,,,,,,,,,,,,,,,,,
,,,,,,,,,,,,,,,,,
,,,,,,,,,,,,,,,,,
,,,,,,,,,,,,,,,,,
,,,,,,,,,,,,,,,,,
,,,,,,,,,,,,,,,,,
,,,,,,,,,,,,,,,,,
,,,,,,,,,,,,,,,,,
,,,,,,,,,,,,,,,,,
,,,,,,,,,,,,,,,,,
,,,,,,,,,,,,,,,,,
,,,,,,,,,,,,,,,,,
,,,,,,,,,,,,,,,,,
,,,,,,,,,,,,,,,,,
,,,,,,,,,,,,,,,,,
,,,,,,,,,,,,,,,,,
,,,,,,,,,,,,,,,,,
,,,,,,,,,,,,,,,,,
,,,,,,,,,,,,,,,,,
,,,,,,,,,,,,,,,,,
,,,,,,,,,,,,,,,,,
,,,,,,,,,,,,,,,,,
,,,,,,,,,,,,,,,,,
,,,,,,,,,,,,,,,,,
,,,,,,,,,,,,,,,,,
,,,,,,,,,,,,,,,,,
,,,,,,,,,,,,,,,,,
,,,,,,,,,,,,,,,,,
,,,,,,,,,,,,,,,,,
,,,,,,,,,,,,,,,,,
,,,,,,,,,,,,,,,,,
,,,,,,,,,,,,,,,,,
,,,,,,,,,,,,,,,,,
,,,,,,,,,,,,,,,,,
,,,,,,,,,,,,,,,,,
,,,,,,,,,,,,,,,,,
,,,,,,,,,,,,,,,,,
,,,,,,,,,,,,,,,,,
,,,,,,,,,,,,,,,,,
,,,,,,,,,,,,,,,,,
,,,,,,,,,,,,,,,,,
,,,,,,,,,,,,,,,,,
,,,,,,,,,,,,,,,,,
,,,,,,,,,,,,,,,,,
,,,,,,,,,,,,,,,,,
,,,,,,,,,,,,,,,,,
,,,,,,,,,,,,,,,,,
,,,,,,,,,,,,,,,,,
,,,,,,,,,,,,,,,,,
,,,,,,,,,,,,,,,,,
,,,,,,,,,,,,,,,,,
,,,,,,,,,,,,,,,,,
,,,,,,,,,,,,,,,,,
,,,,,,,,,,,,,,,,,
,,,,,,,,,,,,,,,,,
,,,,,,,,,,,,,,,,,
,,,,,,,,,,,,,,,,,
,,,,,,,,,,,,,,,,,
,,,,,,,,,,,,,,,,,
,,,,,,,,,,,,,,,,,
,,,,,,,,,,,,,,,,,
,,,,,,,,,,,,,,,,,
,,,,,,,,,,,,,,,,,
,,,,,,,,,,,,,,,,,
,,,,,,,,,,,,,,,,,
,,,,,,,,,,,,,,,,,
,,,,,,,,,,,,,,,,,
,,,,,,,,,,,,,,,,,
,,,,,,,,,,,,,,,,,
,,,,,,,,,,,,,,,,,
,,,,,,,,,,,,,,,,,
,,,,,,,,,,,,,,,,,
,,,,,,,,,,,,,,,,,
,,,,,,,,,,,,,,,,,
,,,,,,,,,,,,,,,,,
,,,,,,,,,,,,,,,,,
,,,,,,,,,,,,,,,,,
,,,,,,,,,,,,,,,,,
,,,,,,,,,,,,,,,,,
,,,,,,,,,,,,,,,,,
,,,,,,,,,,,,,,,,,
,,,,,,,,,,,,,,,,,
,,,,,,,,,,,,,,,,,
,,,,,,,,,,,,,,,,,
,,,,,,,,,,,,,,,,,
,,,,,,,,,,,,,,,,,
,,,,,,,,,,,,,,,,,
,,,,,,,,,,,,,,,,,
,,,,,,,,,,,,,,,,,
,,,,,,,,,,,,,,,,,
,,,,,,,,,,,,,,,,,
,,,,,,,,,,,,,,,,,
,,,,,,,,,,,,,,,,,
,,,,,,,,,,,,,,,,,
,,,,,,,,,,,,,,,,,
,,,,,,,,,,,,,,,,,
,,,,,,,,,,,,,,,,,
,,,,,,,,,,,,,,,,,
,,,,,,,,,,,,,,,,,
,,,,,,,,,,,,,,,,,
,,,,,,,,,,,,,,,,,
,,,,,,,,,,,,,,,,,
,,,,,,,,,,,,,,,,,
,,,,,,,,,,,,,,,,,
,,,,,,,,,,,,,,,,,
,,,,,,,,,,,,,,,,,
,,,,,,,,,,,,,,,,,
,,,,,,,,,,,,,,,,,
,,,,,,,,,,,,,,,,,
,,,,,,,,,,,,,,,,,
,,,,,,,,,,,,,,,,,
,,,,,,,,,,,,,,,,,
,,,,,,,,,,,,,,,,,
,,,,,,,,,,,,,,,,,
,,,,,,,,,,,,,,,,,
,,,,,,,,,,,,,,,,,
,,,,,,,,,,,,,,,,,
,,,,,,,,,,,,,,,,,
,,,,,,,,,,,,,,,,,
,,,,,,,,,,,,,,,,,
,,,,,,,,,,,,,,,,,
,,,,,,,,,,,,,,,,,
,,,,,,,,,,,,,,,,,
,,,,,,,,,,,,,,,,,
,,,,,,,,,,,,,,,,,
,,,,,,,,,,,,,,,,,
,,,,,,,,,,,,,,,,,
,,,,,,,,,,,,,,,,,
,,,,,,,,,,,,,,,,,
,,,,,,,,,,,,,,,,,
,,,,,,,,,,,,,,,,,
,,,,,,,,,,,,,,,,,
,,,,,,,,,,,,,,,,,
,,,,,,,,,,,,,,,,,
,,,,,,,,,,,,,,,,,
,,,,,,,,,,,,,,,,,
,,,,,,,,,,,,,,,,,
,,,,,,,,,,,,,,,,,
,,,,,,,,,,,,,,,,,
,,,,,,,,,,,,,,,,,
,,,,,,,,,,,,,,,,,
,,,,,,,,,,,,,,,,,
,,,,,,,,,,,,,,,,,
,,,,,,,,,,,,,,,,,
,,,,,,,,,,,,,,,,,
,,,,,,,,,,,,,,,,,
,,,,,,,,,,,,,,,,,
,,,,,,,,,,,,,,,,,
,,,,,,,,,,,,,,,,,
,,,,,,,,,,,,,,,,,
,,,,,,,,,,,,,,,,,
,,,,,,,,,,,,,,,,,
,,,,,,,,,,,,,,,,,
,,,,,,,,,,,,,,,,,
,,,,,,,,,,,,,,,,,
,,,,,,,,,,,,,,,,,
,,,,,,,,,,,,,,,,,
,,,,,,,,,,,,,,,,,
,,,,,,,,,,,,,,,,,
,,,,,,,,,,,,,,,,,
,,,,,,,,,,,,,,,,,
,,,,,,,,,,,,,,,,,
,,,,,,,,,,,,,,,,,
,,,,,,,,,,,,,,,,,
,,,,,,,,,,,,,,,,,
,,,,,,,,,,,,,,,,,
,,,,,,,,,,,,,,,,,
,,,,,,,,,,,,,,,,,
,,,,,,,,,,,,,,,,,
,,,,,,,,,,,,,,,,,
,,,,,,,,,,,,,,,,,
,,,,,,,,,,,,,,,,,
,,,,,,,,,,,,,,,,,
,,,,,,,,,,,,,,,,,
,,,,,,,,,,,,,,,,,
,,,,,,,,,,,,,,,,,
,,,,,,,,,,,,,,,,,
,,,,,,,,,,,,,,,,,
,,,,,,,,,,,,,,,,,
,,,,,,,,,,,,,,,,,
,,,,,,,,,,,,,,,,,
,,,,,,,,,,,,,,,,,
,,,,,,,,,,,,,,,,,
,,,,,,,,,,,,,,,,,
,,,,,,,,,,,,,,,,,
,,,,,,,,,,,,,,,,,
,,,,,,,,,,,,,,,,,
,,,,,,,,,,,,,,,,,
,,,,,,,,,,,,,,,,,
,,,,,,,,,,,,,,,,,
,,,,,,,,,,,,,,,,,
,,,,,,,,,,,,,,,,,
,,,,,,,,,,,,,,,,,
,,,,,,,,,,,,,,,,,
,,,,,,,,,,,,,,,,,
,,,,,,,,,,,,,,,,,
,,,,,,,,,,,,,,,,,
,,,,,,,,,,,,,,,,,
,,,,,,,,,,,,,,,,,
,,,,,,,,,,,,,,,,,
,,,,,,,,,,,,,,,,,
,,,,,,,,,,,,,,,,,
,,,,,,,,,,,,,,,,,
,,,,,,,,,,,,,,,,,
,,,,,,,,,,,,,,,,,
,,,,,,,,,,,,,,,,,
,,,,,,,,,,,,,,,,,
,,,,,,,,,,,,,,,,,
,,,,,,,,,,,,,,,,,
,,,,,,,,,,,,,,,,,
,,,,,,,,,,,,,,,,,
,,,,,,,,,,,,,,,,,
,,,,,,,,,,,,,,,,,
,,,,,,,,,,,,,,,,,
,,,,,,,,,,,,,,,,,
,,,,,,,,,,,,,,,,,
,,,,,,,,,,,,,,,,,
,,,,,,,,,,,,,,,,,
,,,,,,,,,,,,,,,,,
,,,,,,,,,,,,,,,,,
,,,,,,,,,,,,,,,,,
,,,,,,,,,,,,,,,,,
,,,,,,,,,,,,,,,,,
,,,,,,,,,,,,,,,,,
,,,,,,,,,,,,,,,,,
,,,,,,,,,,,,,,,,,
,,,,,,,,,,,,,,,,,
,,,,,,,,,,,,,,,,,
,,,,,,,,,,,,,,,,,
,,,,,,,,,,,,,,,,,
,,,,,,,,,,,,,,,,,
,,,,,,,,,,,,,,,,,
,,,,,,,,,,,,,,,,,
,,,,,,,,,,,,,,,,,
,,,,,,,,,,,,,,,,,
,,,,,,,,,,,,,,,,,
,,,,,,,,,,,,,,,,,
,,,,,,,,,,,,,,,,,
,,,,,,,,,,,,,,,,,
,,,,,,,,,,,,,,,,,
,,,,,,,,,,,,,,,,,
,,,,,,,,,,,,,,,,,
,,,,,,,,,,,,,,,,,
,,,,,,,,,,,,,,,,,
,,,,,,,,,,,,,,,,,
,,,,,,,,,,,,,,,,,
,,,,,,,,,,,,,,,,,
,,,,,,,,,,,,,,,,,
,,,,,,,,,,,,,,,,,
,,,,,,,,,,,,,,,,,
,,,,,,,,,,,,,,,,,
,,,,,,,,,,,,,,,,,
,,,,,,,,,,,,,,,,,
,,,,,,,,,,,,,,,,,
,,,,,,,,,,,,,,,,,
,,,,,,,,,,,,,,,,,
,,,,,,,,,,,,,,,,,
,,,,,,,,,,,,,,,,,
,,,,,,,,,,,,,,,,,
,,,,,,,,,,,,,,,,,
,,,,,,,,,,,,,,,,,
,,,,,,,,,,,,,,,,,
,,,,,,,,,,,,,,,,,
,,,,,,,,,,,,,,,,,
,,,,,,,,,,,,,,,,,
,,,,,,,,,,,,,,,,,
,,,,,,,,,,,,,,,,,
,,,,,,,,,,,,,,,,,
,,,,,,,,,,,,,,,,,
,,,,,,,,,,,,,,,,,
,,,,,,,,,,,,,,,,,
,,,,,,,,,,,,,,,,,
,,,,,,,,,,,,,,,,,
,,,,,,,,,,,,,,,,,
,,,,,,,,,,,,,,,,,
,,,,,,,,,,,,,,,,,
,,,,,,,,,,,,,,,,,
,,,,,,,,,,,,,,,,,
,,,,,,,,,,,,,,,,,
,,,,,,,,,,,,,,,,,
,,,,,,,,,,,,,,,,,
,,,,,,,,,,,,,,,,,
,,,,,,,,,,,,,,,,,
,,,,,,,,,,,,,,,,,
,,,,,,,,,,,,,,,,,
,,,,,,,,,,,,,,,,,
,,,,,,,,,,,,,,,,,
,,,,,,,,,,,,,,,,,
,,,,,,,,,,,,,,,,,
,,,,,,,,,,,,,,,,,
,,,,,,,,,,,,,,,,,
,,,,,,,,,,,,,,,,,
,,,,,,,,,,,,,,,,,
,,,,,,,,,,,,,,,,,
,,,,,,,,,,,,,,,,,
,,,,,,,,,,,,,,,,,
,,,,,,,,,,,,,,,,,
,,,,,,,,,,,,,,,,,
,,,,,,,,,,,,,,,,,
,,,,,,,,,,,,,,,,,
,,,,,,,,,,,,,,,,,
,,,,,,,,,,,,,,,,,
,,,,,,,,,,,,,,,,,
,,,,,,,,,,,,,,,,,
,,,,,,,,,,,,,,,,,
,,,,,,,,,,,,,,,,,
,,,,,,,,,,,,,,,,,
,,,,,,,,,,,,,,,,,
,,,,,,,,,,,,,,,,,
,,,,,,,,,,,,,,,,,
,,,,,,,,,,,,,,,,,
,,,,,,,,,,,,,,,,,
,,,,,,,,,,,,,,,,,
,,,,,,,,,,,,,,,,,
,,,,,,,,,,,,,,,,,
,,,,,,,,,,,,,,,,,
,,,,,,,,,,,,,,,,,
,,,,,,,,,,,,,,,,,
,,,,,,,,,,,,,,,,,
,,,,,,,,,,,,,,,,,
,,,,,,,,,,,,,,,,,
,,,,,,,,,,,,,,,,,
,,,,,,,,,,,,,,,,,
,,,,,,,,,,,,,,,,,
,,,,,,,,,,,,,,,,,
,,,,,,,,,,,,,,,,,
,,,,,,,,,,,,,,,,,
,,,,,,,,,,,,,,,,,
,,,,,,,,,,,,,,,,,
,,,,,,,,,,,,,,,,,
,,,,,,,,,,,,,,,,,
,,,,,,,,,,,,,,,,,
,,,,,,,,,,,,,,,,,
,,,,,,,,,,,,,,,,,
,,,,,,,,,,,,,,,,,
,,,,,,,,,,,,,,,,,
,,,,,,,,,,,,,,,,,
,,,,,,,,,,,,,,,,,
,,,,,,,,,,,,,,,,,
,,,,,,,,,,,,,,,,,
,,,,,,,,,,,,,,,,,
,,,,,,,,,,,,,,,,,
,,,,,,,,,,,,,,,,,
,,,,,,,,,,,,,,,,,
,,,,,,,,,,,,,,,,,
,,,,,,,,,,,,,,,,,
,,,,,,,,,,,,,,,,,
,,,,,,,,,,,,,,,,,
,,,,,,,,,,,,,,,,,
,,,,,,,,,,,,,,,,,
,,,,,,,,,,,,,,,,,
,,,,,,,,,,,,,,,,,
,,,,,,,,,,,,,,,,,
,,,,,,,,,,,,,,,,,
,,,,,,,,,,,,,,,,,
,,,,,,,,,,,,,,,,,
,,,,,,,,,,,,,,,,,
,,,,,,,,,,,,,,,,,
,,,,,,,,,,,,,,,,,
,,,,,,,,,,,,,,,,,
,,,,,,,,,,,,,,,,,
,,,,,,,,,,,,,,,,,
,,,,,,,,,,,,,,,,,
,,,,,,,,,,,,,,,,,
,,,,,,,,,,,,,,,,,
,,,,,,,,,,,,,,,,,
,,,,,,,,,,,,,,,,,
,,,,,,,,,,,,,,,,,
,,,,,,,,,,,,,,,,,
,,,,,,,,,,,,,,,,,
,,,,,,,,,,,,,,,,,
,,,,,,,,,,,,,,,,,
,,,,,,,,,,,,,,,,,
,,,,,,,,,,,,,,,,,
,,,,,,,,,,,,,,,,,
,,,,,,,,,,,,,,,,,
,,,,,,,,,,,,,,,,,
,,,,,,,,,,,,,,,,,
,,,,,,,,,,,,,,,,,
,,,,,,,,,,,,,,,,,
,,,,,,,,,,,,,,,,,
,,,,,,,,,,,,,,,,,
,,,,,,,,,,,,,,,,,
,,,,,,,,,,,,,,,,,
,,,,,,,,,,,,,,,,,
,,,,,,,,,,,,,,,,,
,,,,,,,,,,,,,,,,,
,,,,,,,,,,,,,,,,,
,,,,,,,,,,,,,,,,,
,,,,,,,,,,,,,,,,,
,,,,,,,,,,,,,,,,,
,,,,,,,,,,,,,,,,,
,,,,,,,,,,,,,,,,,
,,,,,,,,,,,,,,,,,
,,,,,,,,,,,,,,,,,
,,,,,,,,,,,,,,,,,
,,,,,,,,,,,,,,,,,
,,,,,,,,,,,,,,,,,
,,,,,,,,,,,,,,,,,
,,,,,,,,,,,,,,,,,
,,,,,,,,,,,,,,,,,
,,,,,,,,,,,,,,,,,
,,,,,,,,,,,,,,,,,
,,,,,,,,,,,,,,,,,
,,,,,,,,,,,,,,,,,
,,,,,,,,,,,,,,,,,
,,,,,,,,,,,,,,,,,
,,,,,,,,,,,,,,,,,
,,,,,,,,,,,,,,,,,
,,,,,,,,,,,,,,,,,
,,,,,,,,,,,,,,,,,
,,,,,,,,,,,,,,,,,
,,,,,,,,,,,,,,,,,
,,,,,,,,,,,,,,,,,
,,,,,,,,,,,,,,,,,
,,,,,,,,,,,,,,,,,
,,,,,,,,,,,,,,,,,
,,,,,,,,,,,,,,,,,
,,,,,,,,,,,,,,,,,
,,,,,,,,,,,,,,,,,
,,,,,,,,,,,,,,,,,
,,,,,,,,,,,,,,,,,
,,,,,,,,,,,,,,,,,
,,,,,,,,,,,,,,,,,
,,,,,,,,,,,,,,,,,
,,,,,,,,,,,,,,,,,
,,,,,,,,,,,,,,,,,
,,,,,,,,,,,,,,,,,
,,,,,,,,,,,,,,,,,
,,,,,,,,,,,,,,,,,
,,,,,,,,,,,,,,,,,
,,,,,,,,,,,,,,,,,
,,,,,,,,,,,,,,,,,
,,,,,,,,,,,,,,,,,
,,,,,,,,,,,,,,,,,
,,,,,,,,,,,,,,,,,
,,,,,,,,,,,,,,,,,
,,,,,,,,,,,,,,,,,
,,,,,,,,,,,,,,,,,
,,,,,,,,,,,,,,,,,
,,,,,,,,,,,,,,,,,
,,,,,,,,,,,,,,,,,
,,,,,,,,,,,,,,,,,
,,,,,,,,,,,,,,,,,
,,,,,,,,,,,,,,,,,
,,,,,,,,,,,,,,,,,
,,,,,,,,,,,,,,,,,
,,,,,,,,,,,,,,,,,
,,,,,,,,,,,,,,,,,
,,,,,,,,,,,,,,,,,
,,,,,,,,,,,,,,,,,
,,,,,,,,,,,,,,,,,
,,,,,,,,,,,,,,,,,
,,,,,,,,,,,,,,,,,
,,,,,,,,,,,,,,,,,
,,,,,,,,,,,,,,,,,
,,,,,,,,,,,,,,,,,
,,,,,,,,,,,,,,,,,
,,,,,,,,,,,,,,,,,
,,,,,,,,,,,,,,,,,
,,,,,,,,,,,,,,,,,
,,,,,,,,,,,,,,,,,
,,,,,,,,,,,,,,,,,
,,,,,,,,,,,,,,,,,
,,,,,,,,,,,,,,,,,
,,,,,,,,,,,,,,,,,
,,,,,,,,,,,,,,,,,
,,,,,,,,,,,,,,,,,
,,,,,,,,,,,,,,,,,
,,,,,,,,,,,,,,,,,
,,,,,,,,,,,,,,,,,
,,,,,,,,,,,,,,,,,
,,,,,,,,,,,,,,,,,
,,,,,,,,,,,,,,,,,
,,,,,,,,,,,,,,,,,
,,,,,,,,,,,,,,,,,
,,,,,,,,,,,,,,,,,
,,,,,,,,,,,,,,,,,
,,,,,,,,,,,,,,,,,
,,,,,,,,,,,,,,,,,
,,,,,,,,,,,,,,,,,
,,,,,,,,,,,,,,,,,
,,,,,,,,,,,,,,,,,
,,,,,,,,,,,,,,,,,
,,,,,,,,,,,,,,,,,
,,,,,,,,,,,,,,,,,
,,,,,,,,,,,,,,,,,
,,,,,,,,,,,,,,,,,
,,,,,,,,,,,,,,,,,
,,,,,,,,,,,,,,,,,
,,,,,,,,,,,,,,,,,
,,,,,,,,,,,,,,,,,
,,,,,,,,,,,,,,,,,
,,,,,,,,,,,,,,,,,
,,,,,,,,,,,,,,,,,
,,,,,,,,,,,,,,,,,
,,,,,,,,,,,,,,,,,
,,,,,,,,,,,,,,,,,
,,,,,,,,,,,,,,,,,
,,,,,,,,,,,,,,,,,
,,,,,,,,,,,,,,,,,
,,,,,,,,,,,,,,,,,
,,,,,,,,,,,,,,,,,
,,,,,,,,,,,,,,,,,
,,,,,,,,,,,,,,,,,
,,,,,,,,,,,,,,,,,
,,,,,,,,,,,,,,,,,
,,,,,,,,,,,,,,,,,
,,,,,,,,,,,,,,,,,
,,,,,,,,,,,,,,,,,
,,,,,,,,,,,,,,,,,
,,,,,,,,,,,,,,,,,
,,,,,,,,,,,,,,,,,
,,,,,,,,,,,,,,,,,
,,,,,,,,,,,,,,,,,
,,,,,,,,,,,,,,,,,
,,,,,,,,,,,,,,,,,
,,,,,,,,,,,,,,,,,
,,,,,,,,,,,,,,,,,
,,,,,,,,,,,,,,,,,
,,,,,,,,,,,,,,,,,
,,,,,,,,,,,,,,,,,
,,,,,,,,,,,,,,,,,
,,,,,,,,,,,,,,,,,
,,,,,,,,,,,,,,,,,
,,,,,,,,,,,,,,,,,
,,,,,,,,,,,,,,,,,
,,,,,,,,,,,,,,,,,
,,,,,,,,,,,,,,,,,
,,,,,,,,,,,,,,,,,
,,,,,,,,,,,,,,,,,
,,,,,,,,,,,,,,,,,
,,,,,,,,,,,,,,,,,
,,,,,,,,,,,,,,,,,
,,,,,,,,,,,,,,,,,
,,,,,,,,,,,,,,,,,
,,,,,,,,,,,,,,,,,
,,,,,,,,,,,,,,,,,
,,,,,,,,,,,,,,,,,
,,,,,,,,,,,,,,,,,
,,,,,,,,,,,,,,,,,
,,,,,,,,,,,,,,,,,
,,,,,,,,,,,,,,,,,
,,,,,,,,,,,,,,,,,
,,,,,,,,,,,,,,,,,
,,,,,,,,,,,,,,,,,
,,,,,,,,,,,,,,,,,
,,,,,,,,,,,,,,,,,
,,,,,,,,,,,,,,,,,
,,,,,,,,,,,,,,,,,
,,,,,,,,,,,,,,,,,
,,,,,,,,,,,,,,,,,
,,,,,,,,,,,,,,,,,
,,,,,,,,,,,,,,,,,
,,,,,,,,,,,,,,,,,
,,,,,,,,,,,,,,,,,
,,,,,,,,,,,,,,,,,
,,,,,,,,,,,,,,,,,
,,,,,,,,,,,,,,,,,
,,,,,,,,,,,,,,,,,
,,,,,,,,,,,,,,,,,
,,,,,,,,,,,,,,,,,
,,,,,,,,,,,,,,,,,
,,,,,,,,,,,,,,,,,
,,,,,,,,,,,,,,,,,
,,,,,,,,,,,,,,,,,
,,,,,,,,,,,,,,,,,
,,,,,,,,,,,,,,,,,
,,,,,,,,,,,,,,,,,
,,,,,,,,,,,,,,,,,
,,,,,,,,,,,,,,,,,
,,,,,,,,,,,,,,,,,
,,,,,,,,,,,,,,,,,
,,,,,,,,,,,,,,,,,
,,,,,,,,,,,,,,,,,
,,,,,,,,,,,,,,,,,
,,,,,,,,,,,,,,,,,
,,,,,,,,,,,,,,,,,
,,,,,,,,,,,,,,,,,
,,,,,,,,,,,,,,,,,
,,,,,,,,,,,,,,,,,
,,,,,,,,,,,,,,,,,
,,,,,,,,,,,,,,,,,
,,,,,,,,,,,,,,,,,
,,,,,,,,,,,,,,,,,
,,,,,,,,,,,,,,,,,
,,,,,,,,,,,,,,,,,
,,,,,,,,,,,,,,,,,
,,,,,,,,,,,,,,,,,
,,,,,,,,,,,,,,,,,
,,,,,,,,,,,,,,,,,
,,,,,,,,,,,,,,,,,
,,,,,,,,,,,,,,,,,
,,,,,,,,,,,,,,,,,
,,,,,,,,,,,,,,,,,
,,,,,,,,,,,,,,,,,
,,,,,,,,,,,,,,,,,
,,,,,,,,,,,,,,,,,
,,,,,,,,,,,,,,,,,
,,,,,,,,,,,,,,,,,
,,,,,,,,,,,,,,,,,
,,,,,,,,,,,,,,,,,
,,,,,,,,,,,,,,,,,
,,,,,,,,,,,,,,,,,
,,,,,,,,,,,,,,,,,
,,,,,,,,,,,,,,,,,
,,,,,,,,,,,,,,,,,
,,,,,,,,,,,,,,,,,
,,,,,,,,,,,,,,,,,
,,,,,,,,,,,,,,,,,
,,,,,,,,,,,,,,,,,
,,,,,,,,,,,,,,,,,
,,,,,,,,,,,,,,,,,
,,,,,,,,,,,,,,,,,
,,,,,,,,,,,,,,,,,
,,,,,,,,,,,,,,,,,
,,,,,,,,,,,,,,,,,
,,,,,,,,,,,,,,,,,
,,,,,,,,,,,,,,,,,
,,,,,,,,,,,,,,,,,
,,,,,,,,,,,,,,,,,
,,,,,,,,,,,,,,,,,
,,,,,,,,,,,,,,,,,
,,,,,,,,,,,,,,,,,
,,,,,,,,,,,,,,,,,
,,,,,,,,,,,,,,,,,
,,,,,,,,,,,,,,,,,
,,,,,,,,,,,,,,,,,
,,,,,,,,,,,,,,,,,
,,,,,,,,,,,,,,,,,
,,,,,,,,,,,,,,,,,
,,,,,,,,,,,,,,,,,
,,,,,,,,,,,,,,,,,
,,,,,,,,,,,,,,,,,
,,,,,,,,,,,,,,,,,
,,,,,,,,,,,,,,,,,
,,,,,,,,,,,,,,,,,
,,,,,,,,,,,,,,,,,
,,,,,,,,,,,,,,,,,
,,,,,,,,,,,,,,,,,
,,,,,,,,,,,,,,,,,
,,,,,,,,,,,,,,,,,
,,,,,,,,,,,,,,,,,
,,,,,,,,,,,,,,,,,
,,,,,,,,,,,,,,,,,
,,,,,,,,,,,,,,,,,
,,,,,,,,,,,,,,,,,
,,,,,,,,,,,,,,,,,
,,,,,,,,,,,,,,,,,
,,,,,,,,,,,,,,,,,
,,,,,,,,,,,,,,,,,
,,,,,,,,,,,,,,,,,
,,,,,,,,,,,,,,,,,
,,,,,,,,,,,,,,,,,
,,,,,,,,,,,,,,,,,
,,,,,,,,,,,,,,,,,
,,,,,,,,,,,,,,,,,
,,,,,,,,,,,,,,,,,
,,,,,,,,,,,,,,,,,
,,,,,,,,,,,,,,,,,
,,,,,,,,,,,,,,,,,
,,,,,,,,,,,,,,,,,
,,,,,,,,,,,,,,,,,
,,,,,,,,,,,,,,,,,
,,,,,,,,,,,,,,,,,
,,,,,,,,,,,,,,,,,
,,,,,,,,,,,,,,,,,
,,,,,,,,,,,,,,,,,
,,,,,,,,,,,,,,,,,
,,,,,,,,,,,,,,,,,
,,,,,,,,,,,,,,,,,
,,,,,,,,,,,,,,,,,
,,,,,,,,,,,,,,,,,
,,,,,,,,,,,,,,,,,
,,,,,,,,,,,,,,,,,
,,,,,,,,,,,,,,,,,
,,,,,,,,,,,,,,,,,
,,,,,,,,,,,,,,,,,
,,,,,,,,,,,,,,,,,
,,,,,,,,,,,,,,,,,
,,,,,,,,,,,,,,,,,
,,,,,,,,,,,,,,,,,
,,,,,,,,,,,,,,,,,
,,,,,,,,,,,,,,,,,
,,,,,,,,,,,,,,,,,
,,,,,,,,,,,,,,,,,
,,,,,,,,,,,,,,,,,
,,,,,,,,,,,,,,,,,
,,,,,,,,,,,,,,,,,
,,,,,,,,,,,,,,,,,
,,,,,,,,,,,,,,,,,
,,,,,,,,,,,,,,,,,
,,,,,,,,,,,,,,,,,
,,,,,,,,,,,,,,,,,
,,,,,,,,,,,,,,,,,
,,,,,,,,,,,,,,,,,
,,,,,,,,,,,,,,,,,
,,,,,,,,,,,,,,,,,
,,,,,,,,,,,,,,,,,
,,,,,,,,,,,,,,,,,
,,,,,,,,,,,,,,,,,
,,,,,,,,,,,,,,,,,
,,,,,,,,,,,,,,,,,
,,,,,,,,,,,,,,,,,
,,,,,,,,,,,,,,,,,
,,,,,,,,,,,,,,,,,
,,,,,,,,,,,,,,,,,
,,,,,,,,,,,,,,,,,
,,,,,,,,,,,,,,,,,
,,,,,,,,,,,,,,,,,
,,,,,,,,,,,,,,,,,
,,,,,,,,,,,,,,,,,
,,,,,,,,,,,,,,,,,
,,,,,,,,,,,,,,,,,
,,,,,,,,,,,,,,,,,
,,,,,,,,,,,,,,,,,
,,,,,,,,,,,,,,,,,
,,,,,,,,,,,,,,,,,
,,,,,,,,,,,,,,,,,
,,,,,,,,,,,,,,,,,
,,,,,,,,,,,,,,,,,
,,,,,,,,,,,,,,,,,
,,,,,,,,,,,,,,,,,
,,,,,,,,,,,,,,,,,
,,,,,,,,,,,,,,,,,
,,,,,,,,,,,,,,,,,
,,,,,,,,,,,,,,,,,
,,,,,,,,,,,,,,,,,
,,,,,,,,,,,,,,,,,
,,,,,,,,,,,,,,,,,
,,,,,,,,,,,,,,,,,
,,,,,,,,,,,,,,,,,
,,,,,,,,,,,,,,,,,
,,,,,,,,,,,,,,,,,
,,,,,,,,,,,,,,,,,
,,,,,,,,,,,,,,,,,
,,,,,,,,,,,,,,,,,
,,,,,,,,,,,,,,,,,
,,,,,,,,,,,,,,,,,
,,,,,,,,,,,,,,,,,
,,,,,,,,,,,,,,,,,
,,,,,,,,,,,,,,,,,
,,,,,,,,,,,,,,,,,
,,,,,,,,,,,,,,,,,
,,,,,,,,,,,,,,,,,
,,,,,,,,,,,,,,,,,
,,,,,,,,,,,,,,,,,
,,,,,,,,,,,,,,,,,
,,,,,,,,,,,,,,,,,
,,,,,,,,,,,,,,,,,
,,,,,,,,,,,,,,,,,
,,,,,,,,,,,,,,,,,
,,,,,,,,,,,,,,,,,
,,,,,,,,,,,,,,,,,
,,,,,,,,,,,,,,,,,
,,,,,,,,,,,,,,,,,
,,,,,,,,,,,,,,,,,
,,,,,,,,,,,,,,,,,
,,,,,,,,,,,,,,,,,
,,,,,,,,,,,,,,,,,
,,,,,,,,,,,,,,,,,
,,,,,,,,,,,,,,,,,
,,,,,,,,,,,,,,,,,
,,,,,,,,,,,,,,,,,
,,,,,,,,,,,,,,,,,
,,,,,,,,,,,,,,,,,
,,,,,,,,,,,,,,,,,
,,,,,,,,,,,,,,,,,
,,,,,,,,,,,,,,,,,
,,,,,,,,,,,,,,,,,
,,,,,,,,,,,,,,,,,
,,,,,,,,,,,,,,,,,
,,,,,,,,,,,,,,,,,
,,,,,,,,,,,,,,,,,
,,,,,,,,,,,,,,,,,
,,,,,,,,,,,,,,,,,
,,,,,,,,,,,,,,,,,
,,,,,,,,,,,,,,,,,
,,,,,,,,,,,,,,,,,
,,,,,,,,,,,,,,,,,
,,,,,,,,,,,,,,,,,
,,,,,,,,,,,,,,,,,
,,,,,,,,,,,,,,,,,
,,,,,,,,,,,,,,,,,
,,,,,,,,,,,,,,,,,
,,,,,,,,,,,,,,,,,
,,,,,,,,,,,,,,,,,
,,,,,,,,,,,,,,,,,
,,,,,,,,,,,,,,,,,
,,,,,,,,,,,,,,,,,
,,,,,,,,,,,,,,,,,
,,,,,,,,,,,,,,,,,
,,,,,,,,,,,,,,,,,
,,,,,,,,,,,,,,,,,
,,,,,,,,,,,,,,,,,
,,,,,,,,,,,,,,,,,
,,,,,,,,,,,,,,,,,
,,,,,,,,,,,,,,,,,
,,,,,,,,,,,,,,,,,
,,,,,,,,,,,,,,,,,
,,,,,,,,,,,,,,,,,
,,,,,,,,,,,,,,,,,
,,,,,,,,,,,,,,,,,
,,,,,,,,,,,,,,,,,
,,,,,,,,,,,,,,,,,
,,,,,,,,,,,,,,,,,
,,,,,,,,,,,,,,,,,
,,,,,,,,,,,,,,,,,
,,,,,,,,,,,,,,,,,
,,,,,,,,,,,,,,,,,
,,,,,,,,,,,,,,,,,
,,,,,,,,,,,,,,,,,
,,,,,,,,,,,,,,,,,
,,,,,,,,,,,,,,,,,
,,,,,,,,,,,,,,,,,
,,,,,,,,,,,,,,,,,
,,,,,,,,,,,,,,,,,
,,,,,,,,,,,,,,,,,
,,,,,,,,,,,,,,,,,
,,,,,,,,,,,,,,,,,
,,,,,,,,,,,,,,,,,
,,,,,,,,,,,,,,,,,
,,,,,,,,,,,,,,,,,
,,,,,,,,,,,,,,,,,
,,,,,,,,,,,,,,,,,
,,,,,,,,,,,,,,,,,
,,,,,,,,,,,,,,,,,
,,,,,,,,,,,,,,,,,
,,,,,,,,,,,,,,,,,
,,,,,,,,,,,,,,,,,
,,,,,,,,,,,,,,,,,
,,,,,,,,,,,,,,,,,
,,,,,,,,,,,,,,,,,
,,,,,,,,,,,,,,,,,
,,,,,,,,,,,,,,,,,
,,,,,,,,,,,,,,,,,
,,,,,,,,,,,,,,,,,
,,,,,,,,,,,,,,,,,
,,,,,,,,,,,,,,,,,
,,,,,,,,,,,,,,,,,
,,,,,,,,,,,,,,,,,
,,,,,,,,,,,,,,,,,
,,,,,,,,,,,,,,,,,
,,,,,,,,,,,,,,,,,
,,,,,,,,,,,,,,,,,
,,,,,,,,,,,,,,,,,
,,,,,,,,,,,,,,,,,
,,,,,,,,,,,,,,,,,
,,,,,,,,,,,,,,,,,
,,,,,,,,,,,,,,,,,
,,,,,,,,,,,,,,,,,
,,,,,,,,,,,,,,,,,
,,,,,,,,,,,,,,,,,
,,,,,,,,,,,,,,,,,
,,,,,,,,,,,,,,,,,
,,,,,,,,,,,,,,,,,
,,,,,,,,,,,,,,,,,
,,,,,,,,,,,,,,,,,
,,,,,,,,,,,,,,,,,
,,,,,,,,,,,,,,,,,
,,,,,,,,,,,,,,,,,
,,,,,,,,,,,,,,,,,
,,,,,,,,,,,,,,,,,
,,,,,,,,,,,,,,,,,
,,,,,,,,,,,,,,,,,
,,,,,,,,,,,,,,,,,
,,,,,,,,,,,,,,,,,
,,,,,,,,,,,,,,,,,
,,,,,,,,,,,,,,,,,
,,,,,,,,,,,,,,,,,
,,,,,,,,,,,,,,,,,
,,,,,,,,,,,,,,,,,
,,,,,,,,,,,,,,,,,
,,,,,,,,,,,,,,,,,
,,,,,,,,,,,,,,,,,
,,,,,,,,,,,,,,,,,
,,,,,,,,,,,,,,,,,
,,,,,,,,,,,,,,,,,
,,,,,,,,,,,,,,,,,
,,,,,,,,,,,,,,,,,
,,,,,,,,,,,,,,,,,
,,,,,,,,,,,,,,,,,
,,,,,,,,,,,,,,,,,
,,,,,,,,,,,,,,,,,
,,,,,,,,,,,,,,,,,
,,,,,,,,,,,,,,,,,
,,,,,,,,,,,,,,,,,
,,,,,,,,,,,,,,,,,
,,,,,,,,,,,,,,,,,
,,,,,,,,,,,,,,,,,
,,,,,,,,,,,,,,,,,
,,,,,,,,,,,,,,,,,
,,,,,,,,,,,,,,,,,
,,,,,,,,,,,,,,,,,
,,,,,,,,,,,,,,,,,
,,,,,,,,,,,,,,,,,
,,,,,,,,,,,,,,,,,
,,,,,,,,,,,,,,,,,
,,,,,,,,,,,,,,,,,
,,,,,,,,,,,,,,,,,
,,,,,,,,,,,,,,,,,
,,,,,,,,,,,,,,,,,
,,,,,,,,,,,,,,,,,
,,,,,,,,,,,,,,,,,
,,,,,,,,,,,,,,,,,
,,,,,,,,,,,,,,,,,
,,,,,,,,,,,,,,,,,
,,,,,,,,,,,,,,,,,
,,,,,,,,,,,,,,,,,
,,,,,,,,,,,,,,,,,
,,,,,,,,,,,,,,,,,
,,,,,,,,,,,,,,,,,
,,,,,,,,,,,,,,,,,
,,,,,,,,,,,,,,,,,
,,,,,,,,,,,,,,,,,
,,,,,,,,,,,,,,,,,
,,,,,,,,,,,,,,,,,
,,,,,,,,,,,,,,,,,
,,,,,,,,,,,,,,,,,
,,,,,,,,,,,,,,,,,
,,,,,,,,,,,,,,,,,
,,,,,,,,,,,,,,,,,
,,,,,,,,,,,,,,,,,
,,,,,,,,,,,,,,,,,
,,,,,,,,,,,,,,,,,
,,,,,,,,,,,,,,,,,
,,,,,,,,,,,,,,,,,
,,,,,,,,,,,,,,,,,
,,,,,,,,,,,,,,,,,
,,,,,,,,,,,,,,,,,
,,,,,,,,,,,,,,,,,
,,,,,,,,,,,,,,,,,
,,,,,,,,,,,,,,,,,
,,,,,,,,,,,,,,,,,
,,,,,,,,,,,,,,,,,
,,,,,,,,,,,,,,,,,
,,,,,,,,,,,,,,,,,
,,,,,,,,,,,,,,,,,
,,,,,,,,,,,,,,,,,
,,,,,,,,,,,,,,,,,
,,,,,,,,,,,,,,,,,
,,,,,,,,,,,,,,,,,
,,,,,,,,,,,,,,,,,
,,,,,,,,,,,,,,,,,
,,,,,,,,,,,,,,,,,
,,,,,,,,,,,,,,,,,
,,,,,,,,,,,,,,,,,
,,,,,,,,,,,,,,,,,
,,,,,,,,,,,,,,,,,
,,,,,,,,,,,,,,,,,
,,,,,,,,,,,,,,,,,
,,,,,,,,,,,,,,,,,
,,,,,,,,,,,,,,,,,
,,,,,,,,,,,,,,,,,
,,,,,,,,,,,,,,,,,
,,,,,,,,,,,,,,,,,
,,,,,,,,,,,,,,,,,
,,,,,,,,,,,,,,,,,
,,,,,,,,,,,,,,,,,
,,,,,,,,,,,,,,,,,
,,,,,,,,,,,,,,,,,
,,,,,,,,,,,,,,,,,
,,,,,,,,,,,,,,,,,
,,,,,,,,,,,,,,,,,
,,,,,,,,,,,,,,,,,
,,,,,,,,,,,,,,,,,
,,,,,,,,,,,,,,,,,
,,,,,,,,,,,,,,,,,
,,,,,,,,,,,,,,,,,
,,,,,,,,,,,,,,,,,
,,,,,,,,,,,,,,,,,
,,,,,,,,,,,,,,,,,
,,,,,,,,,,,,,,,,,
,,,,,,,,,,,,,,,,,
,,,,,,,,,,,,,,,,,
,,,,,,,,,,,,,,,,,
,,,,,,,,,,,,,,,,,
,,,,,,,,,,,,,,,,,
,,,,,,,,,,,,,,,,,
,,,,,,,,,,,,,,,,,
,,,,,,,,,,,,,,,,,
,,,,,,,,,,,,,,,,,
,,,,,,,,,,,,,,,,,
,,,,,,,,,,,,,,,,,
,,,,,,,,,,,,,,,,,
,,,,,,,,,,,,,,,,,
,,,,,,,,,,,,,,,,,
,,,,,,,,,,,,,,,,,
,,,,,,,,,,,,,,,,,
,,,,,,,,,,,,,,,,,
,,,,,,,,,,,,,,,,,
,,,,,,,,,,,,,,,,,
,,,,,,,,,,,,,,,,,
,,,,,,,,,,,,,,,,,
,,,,,,,,,,,,,,,,,
,,,,,,,,,,,,,,,,,
,,,,,,,,,,,,,,,,,
,,,,,,,,,,,,,,,,,
,,,,,,,,,,,,,,,,,
,,,,,,,,,,,,,,,,,
,,,,,,,,,,,,,,,,,
,,,,,,,,,,,,,,,,,
,,,,,,,,,,,,,,,,,
,,,,,,,,,,,,,,,,,
,,,,,,,,,,,,,,,,,
,,,,,,,,,,,,,,,,,
,,,,,,,,,,,,,,,,,
,,,,,,,,,,,,,,,,,
,,,,,,,,,,,,,,,,,
,,,,,,,,,,,,,,,,,
,,,,,,,,,,,,,,,,,
,,,,,,,,,,,,,,,,,
,,,,,,,,,,,,,,,,,
,,,,,,,,,,,,,,,,,
,,,,,,,,,,,,,,,,,
,,,,,,,,,,,,,,,,,
,,,,,,,,,,,,,,,,,
,,,,,,,,,,,,,,,,,
,,,,,,,,,,,,,,,,,
,,,,,,,,,,,,,,,,,
,,,,,,,,,,,,,,,,,
,,,,,,,,,,,,,,,,,
,,,,,,,,,,,,,,,,,
,,,,,,,,,,,,,,,,,
,,,,,,,,,,,,,,,,,
,,,,,,,,,,,,,,,,,
,,,,,,,,,,,,,,,,,
,,,,,,,,,,,,,,,,,
,,,,,,,,,,,,,,,,,
,,,,,,,,,,,,,,,,,
,,,,,,,,,,,,,,,,,
,,,,,,,,,,,,,,,,,
,,,,,,,,,,,,,,,,,
,,,,,,,,,,,,,,,,,
,,,,,,,,,,,,,,,,,
,,,,,,,,,,,,,,,,,
,,,,,,,,,,,,,,,,,
,,,,,,,,,,,,,,,,,
,,,,,,,,,,,,,,,,,
,,,,,,,,,,,,,,,,,
,,,,,,,,,,,,,,,,,
,,,,,,,,,,,,,,,,,
,,,,,,,,,,,,,,,,,
,,,,,,,,,,,,,,,,,
,,,,,,,,,,,,,,,,,
,,,,,,,,,,,,,,,,,
,,,,,,,,,,,,,,,,,
,,,,,,,,,,,,,,,,,
,,,,,,,,,,,,,,,,,
,,,,,,,,,,,,,,,,,
,,,,,,,,,,,,,,,,,
,,,,,,,,,,,,,,,,,
,,,,,,,,,,,,,,,,,
,,,,,,,,,,,,,,,,,
,,,,,,,,,,,,,,,,,
,,,,,,,,,,,,,,,,,
,,,,,,,,,,,,,,,,,
,,,,,,,,,,,,,,,,,
,,,,,,,,,,,,,,,,,
,,,,,,,,,,,,,,,,,
,,,,,,,,,,,,,,,,,
,,,,,,,,,,,,,,,,,
,,,,,,,,,,,,,,,,,
,,,,,,,,,,,,,,,,,
,,,,,,,,,,,,,,,,,
,,,,,,,,,,,,,,,,,
,,,,,,,,,,,,,,,,,
,,,,,,,,,,,,,,,,,
,,,,,,,,,,,,,,,,,
,,,,,,,,,,,,,,,,,
,,,,,,,,,,,,,,,,,
,,,,,,,,,,,,,,,,,
,,,,,,,,,,,,,,,,,
,,,,,,,,,,,,,,,,,
,,,,,,,,,,,,,,,,,
,,,,,,,,,,,,,,,,,
,,,,,,,,,,,,,,,,,
,,,,,,,,,,,,,,,,,
,,,,,,,,,,,,,,,,,
,,,,,,,,,,,,,,,,,
,,,,,,,,,,,,,,,,,
,,,,,,,,,,,,,,,,,
,,,,,,,,,,,,,,,,,
,,,,,,,,,,,,,,,,,
,,,,,,,,,,,,,,,,,
,,,,,,,,,,,,,,,,,
,,,,,,,,,,,,,,,,,
,,,,,,,,,,,,,,,,,
,,,,,,,,,,,,,,,,,
,,,,,,,,,,,,,,,,,
,,,,,,,,,,,,,,,,,
,,,,,,,,,,,,,,,,,
,,,,,,,,,,,,,,,,,
,,,,,,,,,,,,,,,,,
,,,,,,,,,,,,,,,,,
,,,,,,,,,,,,,,,,,
,,,,,,,,,,,,,,,,,
,,,,,,,,,,,,,,,,,
,,,,,,,,,,,,,,,,,
,,,,,,,,,,,,,,,,,
,,,,,,,,,,,,,,,,,
,,,,,,,,,,,,,,,,,
,,,,,,,,,,,,,,,,,
,,,,,,,,,,,,,,,,,
,,,,,,,,,,,,,,,,,
,,,,,,,,,,,,,,,,,
,,,,,,,,,,,,,,,,,
,,,,,,,,,,,,,,,,,
,,,,,,,,,,,,,,,,,
,,,,,,,,,,,,,,,,,
,,,,,,,,,,,,,,,,,
,,,,,,,,,,,,,,,,,
,,,,,,,,,,,,,,,,,
,,,,,,,,,,,,,,,,,
,,,,,,,,,,,,,,,,,
,,,,,,,,,,,,,,,,,
,,,,,,,,,,,,,,,,,
,,,,,,,,,,,,,,,,,
,,,,,,,,,,,,,,,,,
,,,,,,,,,,,,,,,,,
,,,,,,,,,,,,,,,,,
,,,,,,,,,,,,,,,,,
,,,,,,,,,,,,,,,,,
,,,,,,,,,,,,,,,,,
,,,,,,,,,,,,,,,,,
,,,,,,,,,,,,,,,,,
,,,,,,,,,,,,,,,,,
,,,,,,,,,,,,,,,,,
,,,,,,,,,,,,,,,,,
,,,,,,,,,,,,,,,,,
,,,,,,,,,,,,,,,,,
,,,,,,,,,,,,,,,,,
,,,,,,,,,,,,,,,,,
,,,,,,,,,,,,,,,,,
,,,,,,,,,,,,,,,,,
,,,,,,,,,,,,,,,,,
,,,,,,,,,,,,,,,,,
,,,,,,,,,,,,,,,,,
,,,,,,,,,,,,,,,,,
,,,,,,,,,,,,,,,,,
,,,,,,,,,,,,,,,,,
,,,,,,,,,,,,,,,,,
,,,,,,,,,,,,,,,,,
,,,,,,,,,,,,,,,,,
,,,,,,,,,,,,,,,,,
,,,,,,,,,,,,,,,,,
,,,,,,,,,,,,,,,,,
,,,,,,,,,,,,,,,,,
,,,,,,,,,,,,,,,,,
,,,,,,,,,,,,,,,,,
,,,,,,,,,,,,,,,,,
,,,,,,,,,,,,,,,,,
,,,,,,,,,,,,,,,,,
,,,,,,,,,,,,,,,,,
,,,,,,,,,,,,,,,,,
,,,,,,,,,,,,,,,,,
,,,,,,,,,,,,,,,,,
,,,,,,,,,,,,,,,,,
,,,,,,,,,,,,,,,,,
,,,,,,,,,,,,,,,,,
,,,,,,,,,,,,,,,,,
,,,,,,,,,,,,,,,,,
,,,,,,,,,,,,,,,,,
,,,,,,,,,,,,,,,,,
,,,,,,,,,,,,,,,,,
,,,,,,,,,,,,,,,,,
,,,,,,,,,,,,,,,,,
,,,,,,,,,,,,,,,,,
,,,,,,,,,,,,,,,,,
,,,,,,,,,,,,,,,,,
,,,,,,,,,,,,,,,,,
,,,,,,,,,,,,,,,,,
,,,,,,,,,,,,,,,,,
,,,,,,,,,,,,,,,,,
,,,,,,,,,,,,,,,,,
,,,,,,,,,,,,,,,,,
,,,,,,,,,,,,,,,,,
,,,,,,,,,,,,,,,,,
,,,,,,,,,,,,,,,,,
,,,,,,,,,,,,,,,,,
,,,,,,,,,,,,,,,,,
,,,,,,,,,,,,,,,,,
,,,,,,,,,,,,,,,,,
,,,,,,,,,,,,,,,,,
,,,,,,,,,,,,,,,,,
,,,,,,,,,,,,,,,,,
,,,,,,,,,,,,,,,,,
,,,,,,,,,,,,,,,,,
,,,,,,,,,,,,,,,,,
,,,,,,,,,,,,,,,,,
,,,,,,,,,,,,,,,,,
,,,,,,,,,,,,,,,,,
,,,,,,,,,,,,,,,,,
,,,,,,,,,,,,,,,,,
,,,,,,,,,,,,,,,,,
,,,,,,,,,,,,,,,,,
,,,,,,,,,,,,,,,,,
,,,,,,,,,,,,,,,,,
,,,,,,,,,,,,,,,,,
,,,,,,,,,,,,,,,,,
,,,,,,,,,,,,,,,,,
,,,,,,,,,,,,,,,,,
,,,,,,,,,,,,,,,,,
,,,,,,,,,,,,,,,,,
,,,,,,,,,,,,,,,,,
,,,,,,,,,,,,,,,,,
,,,,,,,,,,,,,,,,,
,,,,,,,,,,,,,,,,,
,,,,,,,,,,,,,,,,,
,,,,,,,,,,,,,,,,,
,,,,,,,,,,,,,,,,,
,,,,,,,,,,,,,,,,,
,,,,,,,,,,,,,,,,,
,,,,,,,,,,,,,,,,,
,,,,,,,,,,,,,,,,,
,,,,,,,,,,,,,,,,,
,,,,,,,,,,,,,,,,,
,,,,,,,,,,,,,,,,,
,,,,,,,,,,,,,,,,,
,,,,,,,,,,,,,,,,,
,,,,,,,,,,,,,,,,,
,,,,,,,,,,,,,,,,,
,,,,,,,,,,,,,,,,,
,,,,,,,,,,,,,,,,,
,,,,,,,,,,,,,,,,,
,,,,,,,,,,,,,,,,,
,,,,,,,,,,,,,,,,,
,,,,,,,,,,,,,,,,,
,,,,,,,,,,,,,,,,,
,,,,,,,,,,,,,,,,,
,,,,,,,,,,,,,,,,,
,,,,,,,,,,,,,,,,,
,,,,,,,,,,,,,,,,,
,,,,,,,,,,,,,,,,,
,,,,,,,,,,,,,,,,,
,,,,,,,,,,,,,,,,,
,,,,,,,,,,,,,,,,,
,,,,,,,,,,,,,,,,,
,,,,,,,,,,,,,,,,,
,,,,,,,,,,,,,,,,,
,,,,,,,,,,,,,,,,,
,,,,,,,,,,,,,,,,,
,,,,,,,,,,,,,,,,,
,,,,,,,,,,,,,,,,,
,,,,,,,,,,,,,,,,,
,,,,,,,,,,,,,,,,,
,,,,,,,,,,,,,,,,,
,,,,,,,,,,,,,,,,,
,,,,,,,,,,,,,,,,,
,,,,,,,,,,,,,,,,,
,,,,,,,,,,,,,,,,,
,,,,,,,,,,,,,,,,,
,,,,,,,,,,,,,,,,,
,,,,,,,,,,,,,,,,,
,,,,,,,,,,,,,,,,,
,,,,,,,,,,,,,,,,,
,,,,,,,,,,,,,,,,,
,,,,,,,,,,,,,,,,,
,,,,,,,,,,,,,,,,,
,,,,,,,,,,,,,,,,,
,,,,,,,,,,,,,,,,,
,,,,,,,,,,,,,,,,,
,,,,,,,,,,,,,,,,,
,,,,,,,,,,,,,,,,,
,,,,,,,,,,,,,,,,,
,,,,,,,,,,,,,,,,,
,,,,,,,,,,,,,,,,,
,,,,,,,,,,,,,,,,,
,,,,,,,,,,,,,,,,,
